depth,c1,c2,c3,ic4,nc4,ic5,nc5,TotalGas
6300.0,220,95,58,66,30,62,15,492.84144
6300.25,172,86,56,66,33,62,10,454.92999999999995
6300.5,163,93,58,45,36,62,15,525.35016
6300.75,163,96,58,55,36,62,15,524.2268
6301.0,174,123,56,48,33,62,5,454.39197
6301.25,174,105,58,61,33,62,15,543.687
6301.5,172,117,58,61,27,58,15,534.75128
6301.75,172,61,58,61,27,58,15,540.6372
6302.0,172,140,54,55,24,54,10,435.41387000000003
6302.25,154,140,46,32,30,54,5,403.47642
6302.5,162,0,50,48,33,54,10,397.72299
6302.75,62,35,27,45,27,0,25,236.71752
6303.0,106,88,36,40,12,9,5,334.57768000000004
6303.25,101,61,38,42,12,18,5,235.03727
6303.5,117,111,44,48,15,31,10,437.85576
6303.75,117,92,44,48,15,31,10,345.57957
6304.0,117,92,44,48,15,31,10,343.41615
6304.25,117,83,44,48,15,31,10,364.04628
6304.5,117,83,44,48,15,31,10,320.64024
6304.75,168,83,50,48,27,36,10,477.82216
6305.0,168,66,50,37,27,36,5,422.05333
6305.25,168,26,50,37,24,36,5,398.3152
6305.5,168,38,52,42,24,45,10,337.55635
6305.75,168,38,52,42,24,45,10,386.38291999999996
6306.0,200,91,61,61,18,45,15,502.10642
6306.25,200,91,61,61,18,45,15,543.3798800000001
6306.5,200,34,61,61,18,45,15,470.19126000000006
6306.75,200,34,61,61,18,45,15,472.49145999999996
6307.0,209,99,61,66,24,49,15,556.7439599999999
6307.25,209,99,61,66,24,49,15,468.86949999999996
6307.5,209,91,61,66,24,49,15,425.06555000000003
6307.75,209,91,61,66,24,49,15,420.04945
6308.0,209,73,69,66,30,49,15,484.79592
6308.25,206,73,69,50,30,49,10,417.0181
6308.5,206,102,69,50,30,49,10,477.83664
6308.75,206,102,69,50,30,49,10,609.57144
6309.0,206,102,69,50,30,49,10,427.94460000000004
6309.25,206,102,69,50,30,49,10,580.8921600000001
6309.5,206,92,69,50,30,49,10,578.80328
6309.75,206,92,69,50,30,49,10,508.85384000000005
6310.0,206,131,69,50,30,49,10,633.6824
6310.25,255,150,61,53,30,36,15,656.292
6310.5,255,110,61,53,30,36,15,512.8144
6310.75,255,110,61,53,30,36,15,501.4744
6311.0,255,110,61,53,30,36,15,637.8568
6311.25,255,153,61,53,30,36,15,516.98808
6311.5,272,153,75,37,42,45,15,685.96011
6311.75,268,47,79,34,39,54,20,575.5158
6312.0,250,47,40,11,27,0,20,329.18905
6312.25,250,83,40,11,27,0,20,383.03832
6312.5,250,83,44,34,27,4,25,437.63971000000004
6312.75,62,76,44,34,21,4,25,287.06454
6313.0,62,76,44,34,21,4,25,302.17866
6313.25,62,88,44,34,21,4,25,307.48746000000006
6313.5,62,4,44,34,21,4,25,176.637
6313.75,62,4,44,34,21,4,25,228.53976
6314.0,62,115,44,34,21,4,25,255.956
6314.25,231,115,69,34,39,36,25,643.9605300000001
6314.5,231,92,69,34,39,36,5,508.90444
6314.75,231,92,69,34,39,36,5,468.51552
6315.0,231,147,69,34,39,36,5,589.80174
6315.25,231,147,69,34,39,36,5,558.27354
6315.5,277,193,75,48,24,31,10,618.44762
6315.75,277,193,75,48,24,31,10,578.2175
6316.0,277,98,75,48,24,31,10,565.5898
6316.25,277,86,75,42,24,22,10,438.64632
6316.5,284,165,77,42,24,22,10,679.99152
6316.75,219,165,73,40,24,27,10,633.01752
6317.0,219,88,73,40,24,27,10,573.79933
6317.25,219,88,73,40,24,27,10,497.95525
6317.5,219,117,73,40,24,27,10,502.2225
6317.75,303,117,96,40,48,49,10,686.84811
6318.0,303,117,96,40,48,49,10,765.38046
6318.25,303,121,96,40,48,49,10,551.16878
6318.5,303,121,96,40,48,49,10,544.97235
6318.75,303,130,96,40,48,49,10,657.22748
6319.0,303,130,96,40,48,49,10,641.23332
6319.25,303,121,96,40,48,49,10,591.73572
6319.5,303,121,96,40,48,49,10,703.0580199999999
6319.75,303,162,96,40,48,49,10,809.8458
6320.0,303,162,96,40,48,54,10,652.9653999999999
6320.25,276,145,83,34,48,54,10,531.2125
6320.5,276,130,83,34,48,54,10,511.05435
6320.75,276,130,83,50,48,54,10,722.99409
6321.0,274,152,79,50,27,36,10,620.19396
6321.25,282,149,79,53,30,40,15,776.71872
6321.5,282,149,79,53,30,40,15,701.69976
6321.75,282,164,79,53,30,40,15,566.0031
6322.0,203,164,65,45,27,31,10,595.8921
6322.25,203,158,65,45,27,31,10,597.55696
6322.5,203,199,65,45,27,31,10,627.9022
6322.75,203,199,65,45,27,31,10,471.49359999999996
6323.0,203,199,65,45,27,31,10,550.7216
6323.25,203,147,65,45,27,31,10,627.4488
6323.5,203,147,65,45,27,31,10,561.3432
6323.75,283,156,79,45,48,49,10,616.3196
6324.0,283,156,79,45,48,49,10,710.4077000000001
6324.25,283,136,79,45,48,49,10,778.2905000000001
6324.5,283,136,79,45,48,49,10,613.834
6324.75,283,150,79,45,48,49,10,649.09984
6325.0,294,150,79,42,42,45,10,606.65018
6325.25,294,150,79,42,42,45,10,587.53162
6325.5,294,150,79,42,42,45,10,689.95626
6325.75,294,133,79,45,42,49,10,636.16292
6326.0,249,166,77,48,36,54,5,638.1051500000001
6326.25,249,166,77,48,36,54,5,601.07195
6326.5,249,166,77,48,36,54,5,685.2729499999999
6326.75,249,153,77,48,36,54,5,647.9000799999999
6327.0,306,153,69,61,30,49,15,817.28463
6327.25,306,147,69,61,30,49,15,627.66024
6327.5,306,147,69,61,30,49,15,778.67186
6327.75,306,143,69,61,30,49,15,725.6824399999999
6328.0,306,143,69,61,30,49,15,764.09055
6328.25,306,143,69,61,30,49,15,662.81751
6328.5,306,165,69,61,30,49,15,739.9317500000001
6328.75,306,165,69,61,30,49,15,557.77225
6329.0,306,166,69,61,30,49,15,628.9055999999999
6329.25,306,166,69,61,30,49,15,735.13608
6329.5,325,166,77,61,30,45,10,595.75446
6329.75,325,165,77,61,30,45,10,774.6032
6330.0,325,165,77,61,30,45,10,766.475
6330.25,325,128,77,61,30,45,10,553.41416
6330.5,325,128,77,61,30,45,10,783.35556
6330.75,337,134,81,63,27,54,10,789.8869199999999
6331.0,337,134,81,63,27,54,10,692.7977999999999
6331.25,337,137,81,63,27,54,10,577.09764
6331.5,308,137,61,55,24,45,5,557.5554000000001
6331.75,293,137,61,55,24,49,5,639.43152
6332.0,293,191,61,55,24,49,5,610.7085000000001
6332.25,293,191,61,55,24,49,5,677.8305
6332.5,303,140,67,53,27,45,10,679.43655
6332.75,303,123,67,53,27,45,10,599.1810800000001
6333.0,303,123,67,53,27,45,10,680.98436
6333.25,303,123,67,53,27,45,10,580.5294799999999
6333.5,303,123,67,53,27,45,10,732.12868
6333.75,303,117,67,53,27,45,10,620.60672
6334.0,303,117,67,53,27,45,10,527.78566
6334.25,303,117,71,61,27,54,10,653.87313
6334.5,302,143,71,61,27,54,10,794.0516
6334.75,302,143,71,61,27,54,10,582.0016800000001
6335.0,302,156,71,61,27,54,10,558.92394
6335.25,302,156,71,61,27,54,10,767.72535
6335.5,308,156,67,61,24,54,5,678.0915
6335.75,308,161,67,61,24,54,5,747.1636
6336.0,308,161,67,61,24,54,5,682.6112
6336.25,308,111,67,61,24,54,5,553.203
6336.5,293,91,56,42,24,40,15,587.65311
6336.75,277,133,50,37,18,22,5,477.46406
6337.0,277,101,50,37,18,22,5,585.5820000000001
6337.25,329,121,56,29,36,40,10,737.85978
6337.5,329,99,56,45,36,40,10,638.6037
6337.75,311,99,56,45,21,36,10,664.85028
6338.0,311,96,56,45,21,36,10,485.76
6338.25,311,63,58,45,33,36,10,562.4329200000001
6338.5,308,95,63,32,36,54,10,709.5030800000001
6338.75,308,91,63,32,36,54,10,672.96042
6339.0,308,127,63,32,36,54,10,705.8394
6339.25,308,127,63,32,36,54,10,671.5233
6339.5,308,131,63,50,36,58,15,619.6478400000001
6339.75,280,96,60,50,21,58,15,472.99
6340.0,319,110,67,53,24,62,15,752.1735
6340.25,319,140,67,53,24,62,15,782.8771999999999
6340.5,319,107,67,53,24,62,15,728.76139
6340.75,262,111,52,42,21,45,15,541.8076
6341.0,262,111,52,42,21,45,15,600.62992
6341.25,286,137,58,48,21,58,15,706.13312
6341.5,286,89,58,48,21,58,15,649.0887499999999
6341.75,286,86,58,48,21,58,15,531.5024
6342.0,286,123,58,48,21,58,15,559.95114
6342.25,300,128,58,50,24,54,15,658.16673
6342.5,300,101,56,50,18,45,15,496.4193
6342.75,300,101,56,53,18,45,15,642.1312800000001
6343.0,315,95,61,55,18,45,15,561.33344
6343.25,315,92,61,55,15,45,15,597.93422
6343.5,315,99,61,55,27,54,15,520.24356
6343.75,301,133,60,42,27,54,15,506.71232000000003
6344.0,315,114,60,50,33,40,10,633.1462399999999
6344.25,304,114,60,50,18,40,5,514.86738
6344.5,304,114,60,50,18,40,5,527.55024
6344.75,300,115,60,50,21,58,5,651.41685
6345.0,300,115,60,50,21,58,5,516.35283
6345.25,300,93,60,50,21,58,5,490.60285999999996
6345.5,300,93,60,50,21,58,5,598.9161
6345.75,300,105,60,50,21,58,5,481.84159
6346.0,306,117,56,45,24,45,5,510.86542
6346.25,311,117,50,34,24,36,10,636.6730799999999
6346.5,311,123,50,34,24,36,10,595.4029200000001
6346.75,311,123,50,34,24,36,10,617.95272
6347.0,311,91,50,34,24,36,10,645.1268000000001
6347.25,311,73,50,34,24,36,10,492.44754
6347.5,238,73,44,32,18,27,5,456.51205000000004
6347.75,238,111,44,32,18,27,5,400.2825
6348.0,319,111,56,40,27,40,10,682.6985099999999
6348.25,319,72,56,40,27,40,10,522.4783199999999
6348.5,319,74,56,40,27,40,10,655.81854
6348.75,319,74,56,40,27,40,10,468.89138
6349.0,446,117,61,42,27,36,10,719.55691
6349.25,446,117,61,42,27,36,10,819.6175099999999
6349.5,446,127,61,42,27,36,10,665.39662
6349.75,446,127,61,42,27,36,10,897.4742699999999
6350.0,446,127,61,42,27,36,10,742.9405899999999
6350.25,446,127,61,42,27,36,10,723.02468
6350.5,446,127,61,42,27,36,10,732.9639099999999
6350.75,446,155,61,42,27,36,10,689.42433
6351.0,446,155,61,42,27,36,10,870.93153
6351.25,446,165,61,42,27,36,10,909.42572
6351.5,446,165,63,42,27,36,10,889.32135
6351.75,312,145,63,40,27,31,10,751.2889600000001
6352.0,312,145,63,40,27,31,10,703.3788400000001
6352.25,441,133,73,55,27,45,25,653.47014
6352.5,441,112,73,55,27,45,25,858.29738
6352.75,441,112,73,55,27,45,25,842.9085399999999
6353.0,441,112,73,55,27,45,25,689.5647399999999
6353.25,441,130,73,55,27,45,25,749.05192
6353.5,441,130,73,55,27,45,25,794.51944
6353.75,441,130,86,69,33,58,25,936.3629399999999
6354.0,437,108,86,69,33,58,20,819.6777
6354.25,437,108,86,69,33,58,20,833.39982
6354.5,437,108,86,69,33,58,20,849.7982400000001
6354.75,437,64,86,69,33,58,20,743.5067899999999
6355.0,453,64,86,55,48,62,20,900.22696
6355.25,453,134,86,55,48,62,20,779.3042399999999
6355.5,453,134,86,55,48,62,20,924.16038
6355.75,453,126,86,55,48,62,20,868.9125000000001
6356.0,453,126,86,55,48,62,20,887.706
6356.25,453,126,86,55,48,62,20,999.7615000000001
6356.5,453,127,86,55,48,62,20,952.8902299999999
6356.75,453,88,86,55,48,62,20,670.58208
6357.0,453,108,86,55,48,62,20,899.8329600000001
6357.25,453,108,86,69,48,62,20,796.91508
6357.5,405,99,84,69,33,54,20,861.23428
6357.75,409,99,88,79,33,71,20,812.7987299999999
6358.0,409,130,88,79,33,71,20,820.5131
6358.25,409,130,88,79,33,71,20,712.3558
6358.5,409,165,88,79,33,71,20,767.78265
6358.75,466,165,92,84,30,85,20,884.8865400000001
6359.0,466,165,92,84,30,85,20,952.46562
6359.25,466,150,92,84,30,85,20,811.87587
6359.5,466,150,92,84,30,85,20,773.60931
6359.75,466,117,92,84,30,85,20,742.92294
6360.0,523,117,108,71,57,94,25,1193.1642
6360.25,520,112,104,66,60,89,25,956.03104
6360.5,520,177,104,66,60,89,25,1154.5002299999999
6360.75,520,177,104,66,60,89,25,1246.7848800000002
6361.0,520,117,104,66,60,89,25,878.3874
6361.25,520,117,104,82,60,89,25,866.40297
6361.5,446,126,88,82,39,80,25,890.2085000000001
6361.75,446,126,88,82,39,80,25,791.18028
6362.0,446,126,88,82,39,80,25,823.90026
6362.25,446,142,88,82,39,80,25,962.86696
6362.5,446,140,88,82,39,80,25,727.101
6362.75,446,140,88,82,39,80,25,973.053
6363.0,446,140,88,82,39,80,25,797.7149999999999
6363.25,446,146,88,82,39,80,25,909.8958
6363.5,516,146,98,71,42,80,20,876.44921
6363.75,516,156,98,71,42,80,20,908.53775
6364.0,516,169,98,77,42,80,25,887.39861
6364.25,425,169,92,77,36,80,25,743.61232
6364.5,486,172,90,77,42,80,25,974.0217600000001
6364.75,486,147,90,77,42,80,25,832.35618
6365.0,486,153,90,77,42,80,25,810.7075699999999
6365.25,486,153,96,77,45,80,25,1080.97054
6365.5,461,139,94,66,39,67,25,774.2433599999999
6365.75,461,146,94,69,39,67,25,930.98528
6366.0,461,146,94,69,39,67,25,1028.29328
6366.25,461,149,94,69,39,67,25,905.75376
6366.5,505,149,94,90,36,76,25,1071.3105
6366.75,505,147,94,90,36,76,25,834.76589
6367.0,505,152,94,90,36,76,25,802.4881200000001
6367.25,505,152,94,90,36,76,25,977.37408
6367.5,505,162,94,90,36,76,25,1141.57472
6367.75,480,152,102,84,36,67,25,951.21246
6368.0,480,152,102,84,36,67,25,920.47692
6368.25,480,168,102,84,36,67,25,1082.04798
6368.5,480,168,102,84,36,67,25,1050.2827399999999
6368.75,480,158,102,84,36,67,25,952.2855999999999
6369.0,480,158,102,84,36,67,25,966.9178400000001
6369.25,480,158,102,84,36,67,25,798.966
6369.5,594,181,115,74,57,89,25,1331.27555
6369.75,594,181,115,74,57,89,25,1309.41545
6370.0,594,165,115,74,57,89,25,1335.0789
6370.25,594,165,115,74,57,89,25,1143.22635
6370.5,594,180,115,74,57,89,25,1317.8781000000001
6370.75,594,180,115,74,57,89,25,975.807
6371.0,554,177,94,84,39,71,25,1154.01672
6371.25,564,194,100,79,45,76,25,1052.64351
6371.5,564,194,100,79,45,76,25,925.51014
6371.75,564,190,100,79,45,76,25,1140.01745
6372.0,564,190,100,79,45,76,25,1072.14835
6372.25,532,190,113,66,66,94,25,1200.1603200000002
6372.5,532,187,113,66,66,94,25,975.37146
6372.75,532,187,113,66,66,94,25,1147.18941
6373.0,532,210,113,66,66,94,25,1199.8551599999998
6373.25,575,210,119,71,60,98,30,1145.49685
6373.5,575,210,119,71,60,98,30,1117.49181
6373.75,575,201,119,71,60,98,30,1338.8015599999999
6374.0,575,201,119,71,60,98,30,1242.8118399999998
6374.25,575,187,119,71,60,98,30,991.0248
6374.5,575,187,119,71,60,98,30,1176.0924
6374.75,575,155,119,71,60,98,30,1035.39276
6375.0,575,155,119,71,60,98,30,1221.55892
6375.25,575,185,119,71,60,98,30,1128.56598
6375.5,575,185,119,71,60,98,30,1046.5617
6375.75,575,185,119,71,60,98,30,1329.7530000000002
6376.0,546,149,117,66,63,89,30,1059.47
6376.25,546,149,117,66,63,89,30,1218.1202
6376.5,546,169,117,66,63,89,30,1251.4068
6376.75,546,169,117,66,63,89,30,1136.16
6377.0,546,169,117,66,63,89,30,1207.5588
6377.25,532,183,109,53,63,80,25,1073.8211
6377.5,535,193,109,58,63,89,20,1056.5754100000001
6377.75,535,184,109,58,63,89,20,1109.93722
6378.0,535,184,109,58,63,89,20,892.2537199999999
6378.25,572,156,113,92,48,107,20,1285.557
6378.5,572,156,113,92,48,107,20,1006.77312
6378.75,572,156,113,92,48,107,20,1109.08584
6379.0,572,164,113,92,48,107,20,1056.5729999999999
6379.25,572,164,113,92,48,107,20,1213.32636
6379.5,572,92,113,92,48,107,20,900.70056
6379.75,554,92,127,63,72,103,20,1068.2191
6380.0,554,92,127,63,72,103,20,935.55002
6380.25,554,164,127,63,72,103,20,1138.28497
6380.5,554,164,127,63,72,103,20,1120.8906599999998
6380.75,554,136,127,63,72,103,20,1200.11925
6381.0,554,136,127,63,72,103,20,958.41625
6381.25,554,187,127,63,72,103,20,1170.61212
6381.5,554,187,127,63,72,103,20,1159.5548000000001
6381.75,554,187,127,63,72,103,20,1345.2659800000001
6382.0,674,142,125,71,69,103,25,1214.9241
6382.25,674,142,125,71,69,103,25,990.4128000000001
6382.5,674,149,125,71,69,103,25,994.7609600000001
6382.75,674,149,125,71,69,103,25,1117.64992
6383.0,674,180,125,71,69,103,25,1152.80162
6383.25,540,180,111,61,66,94,20,1209.34464
6383.5,537,140,111,58,66,85,25,1145.51892
6383.75,537,140,111,58,66,85,25,1049.22608
6384.0,589,146,119,66,66,103,25,1092.21016
6384.25,589,172,119,66,66,103,25,1013.4144
6384.5,589,172,119,66,66,103,25,1101.1488
6384.75,534,128,106,71,48,76,30,1175.4935400000002
6385.0,551,123,77,74,30,76,20,942.60267
6385.25,551,123,77,74,30,76,20,945.3510600000001
6385.5,551,108,77,74,30,76,20,1104.49872
6385.75,551,108,77,74,30,76,20,761.19264
6386.0,551,134,77,74,30,76,20,800.6245
6386.25,551,134,77,74,30,76,20,1039.54682
6386.5,551,118,77,74,30,76,20,986.5171799999999
6386.75,551,118,77,74,30,76,20,1125.04942
6387.0,551,118,77,74,30,76,20,803.28644
6387.25,551,101,77,74,30,76,20,847.36877
6387.5,551,101,77,82,30,76,25,1012.65
6387.75,511,101,77,82,30,71,25,734.93901
6388.0,511,136,77,82,30,71,25,907.74004
6388.25,511,136,77,82,30,71,25,807.17724
6388.5,511,136,77,82,30,71,25,1109.66716
6388.75,511,143,77,82,30,71,25,771.1349700000001
6389.0,552,143,83,82,51,71,25,999.2662399999999
6389.25,552,149,83,53,51,71,15,793.44962
6389.5,554,164,92,53,54,80,15,1194.13976
6389.75,554,164,92,53,54,80,15,964.35504
6390.0,554,164,92,53,54,80,15,944.54008
6390.25,554,201,92,53,54,80,15,941.29917
6390.5,554,201,92,53,54,80,15,1143.08481
6390.75,554,201,92,53,54,80,15,968.5102300000001
6391.0,556,201,92,61,45,89,15,1051.89411
6391.25,556,161,92,61,45,89,15,1097.53433
6391.5,556,161,92,61,45,89,15,1053.37087
6391.75,556,161,92,61,45,89,15,965.57383
6392.0,556,191,92,61,45,89,15,848.80884
6392.25,556,191,92,61,45,89,15,1015.65229
6392.5,556,164,96,63,45,89,15,832.24824
6392.75,535,164,96,63,45,89,15,1182.2179999999998
6393.0,535,164,96,63,45,89,15,1113.25864
6393.25,535,155,96,63,45,89,15,899.10818
6393.5,535,155,96,63,45,89,15,810.4558400000001
6393.75,535,155,96,63,45,89,15,1092.78006
6394.0,535,159,96,63,45,89,15,1115.40636
6394.25,531,147,90,53,48,76,15,1011.4943999999999
6394.5,531,147,90,53,48,76,15,1123.3247999999999
6394.75,531,162,90,53,48,76,15,1109.55975
6395.0,531,162,90,53,48,76,15,893.5387499999999
6395.25,531,74,90,53,48,76,15,1046.93497
6395.5,545,114,71,29,42,85,25,909.4330799999999
6395.75,554,172,71,34,39,89,25,1007.08464
6396.0,554,120,71,34,39,89,25,756.1595599999999
6396.25,554,120,71,34,39,89,25,883.14456
6396.5,557,131,77,45,42,112,30,881.63824
6396.75,557,158,77,45,42,112,30,1159.7539
6397.0,557,158,77,45,45,116,30,1010.58568
6397.25,602,158,31,55,45,116,25,988.9656
6397.5,602,131,31,55,45,116,25,1016.1454500000001
6397.75,602,131,31,55,45,116,25,1018.0549500000001
6398.0,588,171,29,48,45,103,25,1037.74641
6398.25,588,171,29,48,45,103,25,1114.0469899999998
6398.5,588,174,29,48,45,103,25,980.55716
6398.75,588,174,29,48,45,103,25,885.2368799999999
6399.0,528,174,94,61,63,98,25,1102.5448700000002
6399.25,528,137,94,61,63,98,25,846.8910400000001
6399.5,528,137,94,61,63,98,25,838.43058
6399.75,528,185,94,61,63,98,25,1193.3388
6400.0,528,185,94,61,63,98,25,1156.99688
6400.25,528,159,94,61,63,98,25,863.0779600000001
6400.5,528,159,94,61,63,98,25,851.46156
6400.75,526,155,92,48,51,98,10,1156.89
6401.0,526,155,92,48,51,98,10,979.2748
6401.25,526,155,92,48,51,98,10,883.9992
6401.5,526,159,92,48,51,98,10,1000.21632
6401.75,526,159,92,48,51,98,10,1114.38
6402.0,0,0,0,0,0,0,0,0.0
6402.25,0,0,0,0,0,0,0,0.0
6402.5,0,0,0,0,0,0,0,0.0
6402.75,0,0,0,0,0,0,0,0.0
6403.0,0,0,0,0,0,0,0,0.0
6403.25,0,0,0,0,0,0,0,0.0
6403.5,0,0,0,0,0,0,0,0.0
6403.75,0,0,0,0,0,0,0,0.0
6404.0,0,0,0,0,0,0,0,0.0
6404.25,0,0,0,0,0,0,0,0.0
6404.5,0,0,0,0,0,0,0,0.0
6404.75,0,0,0,0,0,0,0,0.0
6405.0,0,0,0,0,0,0,0,0.0
6405.25,0,0,0,0,0,0,0,0.0
6405.5,0,0,0,0,0,0,0,0.0
6405.75,0,0,0,0,0,0,0,0.0
6406.0,0,0,0,0,0,0,0,0.0
6406.25,0,0,0,0,0,0,0,0.0
6406.5,0,0,0,0,0,0,0,0.0
6406.75,0,0,0,0,0,0,0,0.0
6407.0,0,0,0,0,0,0,0,0.0
6407.25,0,0,0,0,0,0,0,0.0
6407.5,0,0,0,0,0,0,0,0.0
6407.75,0,0,0,0,0,0,0,0.0
6408.0,0,0,0,0,0,0,0,0.0
6408.25,0,0,0,0,0,0,0,0.0
6408.5,0,0,0,0,0,0,0,0.0
6408.75,0,0,0,0,0,0,0,0.0
6409.0,0,0,0,0,0,0,0,0.0
6409.25,0,0,0,0,0,0,0,0.0
6409.5,0,0,0,0,0,0,0,0.0
6409.75,0,0,0,0,0,0,0,0.0
6410.0,0,0,0,0,0,0,0,0.0
6410.25,0,0,0,0,0,0,0,0.0
6410.5,0,0,0,0,0,0,0,0.0
6410.75,0,0,0,0,0,0,0,0.0
6411.0,0,0,0,0,0,0,0,0.0
6411.25,0,0,0,0,0,0,0,0.0
6411.5,0,0,0,0,0,0,0,0.0
6411.75,0,0,0,0,0,0,0,0.0
6412.0,0,0,0,0,0,0,0,0.0
6412.25,0,0,0,0,0,0,0,0.0
6412.5,0,0,0,0,0,0,0,0.0
6412.75,0,0,0,0,0,0,0,0.0
6413.0,0,0,0,0,0,0,0,0.0
6413.25,0,0,0,0,0,0,0,0.0
6413.5,0,0,0,0,0,0,0,0.0
6413.75,0,0,0,0,0,0,0,0.0
6414.0,0,0,0,0,0,0,0,0.0
6414.25,0,0,0,0,0,0,0,0.0
6414.5,0,0,0,0,0,0,0,0.0
6414.75,0,0,0,0,0,0,0,0.0
6415.0,0,0,0,0,0,0,0,0.0
6415.25,291,99,42,48,54,107,5,724.89598
6415.5,291,99,42,48,54,107,5,693.85568
6415.75,356,117,12,16,69,89,15,709.32434
6416.0,356,117,12,16,69,89,15,791.4512400000001
6416.25,356,142,12,16,69,89,15,791.67342
6416.5,384,203,23,45,30,103,20,736.92832
6416.75,384,244,42,82,42,98,10,874.86784
6417.0,535,159,46,90,36,94,15,849.2932500000001
6417.25,814,199,136,90,36,94,15,1451.17936
6417.5,814,292,157,100,75,89,25,1828.4111999999998
6417.75,746,234,157,100,75,89,25,1203.52974
6418.0,746,237,157,116,75,89,30,1420.6085
6418.25,646,226,138,116,48,89,30,1523.38674
6418.5,667,248,140,108,57,94,35,1369.38339
6418.75,659,235,136,98,63,94,35,1533.0216
6419.0,659,235,136,98,63,94,35,1118.1324
6419.25,659,168,136,98,84,103,35,1153.72492
6419.5,609,168,136,77,84,103,25,1215.7388600000002
6419.75,609,225,136,77,84,103,25,1269.4371099999998
6420.0,609,232,136,77,84,103,25,1093.9506
6420.25,609,232,136,77,84,103,25,1517.00982
6420.5,609,191,136,77,84,103,25,1442.1557500000001
6420.75,609,191,136,77,84,103,25,1308.3857500000001
6421.0,609,191,136,77,84,103,25,1395.01775
6421.25,609,203,136,77,84,103,25,1380.83836
6421.5,609,147,136,98,87,94,35,1131.20388
6421.75,400,147,123,98,87,94,35,865.88064
6422.0,400,172,84,98,87,94,35,969.2337
6422.25,441,200,84,98,87,94,35,1063.9152199999999
6422.5,443,156,44,61,54,89,35,715.7871
6422.75,445,156,44,61,54,89,35,879.4032
6423.0,445,156,44,61,54,89,35,810.8048
6423.25,616,212,88,63,78,89,20,1034.72006
6423.5,559,174,115,63,69,89,20,1282.74399
6423.75,507,174,108,63,51,80,20,1115.4363
6424.0,507,188,108,63,51,80,20,1050.77457
6424.25,507,188,108,63,51,80,20,896.7397500000001
6424.5,507,188,108,63,51,80,20,1077.003
6424.75,507,254,108,63,51,80,20,875.50803
6425.0,0,0,0,0,0,0,0,0.0
6425.25,0,0,0,0,0,0,0,0.0
6425.5,0,0,0,0,0,0,0,0.0
6425.75,0,0,0,0,0,0,0,0.0
6426.0,0,0,0,0,0,0,0,0.0
6426.25,0,0,0,0,0,0,0,0.0
6426.5,0,0,0,0,0,0,0,0.0
6426.75,0,0,0,0,0,0,0,0.0
6427.0,0,0,0,0,0,0,0,0.0
6427.25,0,0,0,0,0,0,0,0.0
6427.5,0,0,0,0,0,0,0,0.0
6427.75,0,0,0,0,0,0,0,0.0
6428.0,0,0,0,0,0,0,0,0.0
6428.25,0,0,0,0,0,0,0,0.0
6428.5,0,0,0,0,0,0,0,0.0
6428.75,0,0,0,0,0,0,0,0.0
6429.0,0,0,0,0,0,0,0,0.0
6429.25,0,0,0,0,0,0,0,0.0
6429.5,0,0,0,0,0,0,0,0.0
6429.75,0,0,0,0,0,0,0,0.0
6430.0,0,0,0,0,0,0,0,0.0
6430.25,149,7,19,50,51,89,25,352.5834
6430.5,149,54,19,50,51,89,25,496.27030999999994
6430.75,149,54,19,50,51,89,25,467.42394
6431.0,133,54,13,24,36,80,20,323.7588
6431.25,133,0,13,24,36,80,20,270.36629999999997
6431.5,133,0,13,24,36,80,20,283.97718000000003
6431.75,133,29,13,24,36,80,20,368.24875000000003
6432.0,133,29,13,24,36,80,20,320.0992
6432.25,179,29,13,26,36,62,20,380.403
6432.5,179,41,13,26,36,62,20,319.74501000000004
6432.75,179,41,13,26,36,62,20,375.38267
6433.0,179,0,13,26,36,62,20,344.43024
6433.25,179,0,13,26,36,62,20,309.76848
6433.5,207,41,0,66,63,76,20,497.76628
6433.75,207,41,0,66,63,76,20,482.6492
6434.0,207,41,0,66,63,76,20,422.4836
6434.25,207,34,0,66,63,76,20,430.91952
6434.5,207,34,0,66,63,76,20,526.5333999999999
6434.75,207,18,6,53,30,89,30,395.1558
6435.0,133,18,6,53,30,89,30,344.43537
6435.25,133,18,6,53,30,89,30,302.73034
6435.5,133,16,6,53,30,89,30,354.80802
6435.75,133,16,6,53,30,89,30,358.74573000000004
6436.0,133,102,6,53,30,89,30,402.45221
6436.25,133,102,83,53,30,89,30,456.51840000000004
6436.5,383,102,83,53,30,89,30,797.3965999999999
6436.75,375,85,86,58,27,76,35,629.35698
6437.0,375,85,86,58,27,76,25,845.05008
6437.25,375,85,86,58,27,76,25,863.5038000000001
6437.5,652,85,119,71,54,36,25,1192.95454
6437.75,652,85,119,71,54,36,25,964.02714
6438.0,652,108,119,71,54,36,25,1101.54015
6438.25,652,108,119,71,54,36,25,1181.47905
6438.5,652,80,119,71,54,36,25,1007.77734
6438.75,652,80,119,71,54,54,25,951.89485
6439.0,506,80,100,63,54,54,15,756.08504
6439.25,542,105,96,74,39,58,10,1030.1676
6439.5,542,105,96,74,39,58,10,1017.88764
6439.75,635,104,109,53,57,71,15,1245.4502400000001
6440.0,635,104,109,53,57,71,15,996.1326
6440.25,635,147,109,53,57,71,15,1119.3273800000002
6440.5,635,147,109,53,57,71,15,1034.8348700000001
6440.75,635,117,109,53,57,71,15,1265.2712800000002
6441.0,635,117,109,66,57,76,20,1073.304
6441.25,555,150,108,66,48,76,20,1087.42854
6441.5,579,128,117,74,51,76,30,1257.0219499999998
6441.75,579,128,117,74,51,76,30,975.80115
6442.0,603,155,113,69,57,80,30,977.9016600000001
6442.25,603,155,113,69,57,80,30,1004.89032
6442.5,603,150,113,69,57,80,30,1244.2461600000001
6442.75,603,150,113,69,57,80,30,1103.68606
6443.0,603,140,113,69,57,80,30,965.28432
6443.25,633,140,115,74,54,71,35,1316.3640599999999
6443.5,633,140,115,74,54,71,35,1164.04134
6443.75,633,140,115,74,54,71,35,1237.44258
6444.0,633,140,115,74,54,71,35,1148.66994
6444.25,633,143,115,74,54,71,35,970.5487499999999
6444.5,633,143,115,74,54,76,35,990.3998
6444.75,564,112,111,69,48,76,30,862.1663
6445.0,564,112,111,69,48,76,30,1025.3419000000001
6445.25,564,166,111,69,48,76,30,1033.0269600000001
6445.5,564,137,111,69,48,76,30,1147.2975000000001
6445.75,564,137,111,69,48,76,30,847.8616499999999
6446.0,564,175,111,69,48,76,30,1110.67303
6446.25,214,146,111,69,48,76,30,781.56198
6446.5,214,146,111,69,48,76,30,721.0382400000001
6446.75,221,146,111,87,39,80,25,704.06536
6447.0,209,102,108,87,39,80,20,606.00975
6447.25,209,102,108,87,39,80,20,770.7556500000001
6447.5,209,168,108,87,39,80,20,744.2037
6447.75,209,168,108,87,39,80,20,573.5636999999999
6448.0,243,145,119,69,66,85,25,779.3126399999999
6448.25,243,145,119,69,66,85,25,750.50352
6448.5,243,158,119,69,66,85,25,867.70125
6448.75,243,158,119,69,66,85,25,897.1308
6449.0,243,158,119,74,66,85,30,677.82275
6449.25,203,180,111,74,54,76,30,735.9497600000001
6449.5,203,180,111,74,54,76,30,694.8468799999999
6449.75,203,181,111,74,54,76,30,706.9623300000001
6450.0,203,181,111,74,54,76,30,789.68196
6450.25,203,181,111,74,54,76,30,867.2038200000001
6450.5,238,162,111,66,69,85,25,659.9879999999999
6450.75,238,162,111,66,69,85,25,874.86588
6451.0,238,174,111,66,69,85,25,809.61024
6451.25,238,174,111,66,69,85,25,844.1011199999999
6451.5,238,174,111,66,69,85,25,853.6012799999999
6451.75,238,178,111,66,69,85,25,711.15868
6452.0,238,143,111,66,69,85,25,594.12518
6452.25,636,143,111,66,69,85,25,1171.774
6452.5,636,143,111,66,69,85,25,1108.9177
6452.75,636,161,111,66,69,85,25,979.9347
6453.0,636,161,115,66,69,85,30,1327.4804199999999
6453.25,453,115,115,63,57,67,30,1069.155
6453.5,453,117,115,61,57,67,30,1038.663
6453.75,458,166,117,61,57,80,30,854.6289300000001
6454.0,458,166,117,61,57,80,30,1122.50898
6454.25,502,166,117,77,57,94,30,1120.96425
6454.5,502,124,117,77,54,94,30,1184.64596
6454.75,502,124,117,77,54,94,30,873.0903199999999
6455.0,502,142,117,77,54,94,30,925.60648
6455.25,502,110,117,77,54,94,30,1033.9773599999999
6455.5,502,110,117,77,54,94,30,867.55344
6455.75,562,143,129,74,48,80,35,1281.78351
6456.0,562,143,129,74,48,80,35,911.5709400000001
6456.25,562,143,129,74,48,80,35,1050.51177
6456.5,557,124,125,69,51,67,35,1221.03784
6456.75,557,124,125,69,51,67,35,1126.38988
6457.0,616,124,129,63,72,85,35,1125.5174
6457.25,616,161,129,63,72,85,35,1275.2424
6457.5,616,161,129,63,72,85,35,1166.14323
6457.75,616,130,129,63,72,85,35,1275.1824
6458.0,616,130,129,63,72,85,35,916.4187
6458.25,616,130,129,63,72,85,35,1233.1351
6458.5,614,183,131,69,72,94,35,1073.30018
6458.75,614,120,131,69,72,94,35,1178.34565
6459.0,614,156,131,77,72,94,35,1245.7903500000002
6459.25,500,124,108,77,42,89,20,1058.3808
6459.5,556,123,119,77,57,89,25,968.67968
6459.75,556,123,119,58,57,71,25,1169.7841500000002
6460.0,556,137,119,58,57,71,25,850.03116
6460.25,556,175,125,69,57,85,30,1059.0876799999999
6460.5,534,152,125,69,57,85,30,1158.4518799999998
6460.75,534,152,125,69,57,85,30,1111.6063199999999
6461.0,534,181,125,69,69,85,30,1306.61592
6461.25,515,127,125,63,69,80,30,1181.5793600000002
6461.5,515,124,125,63,69,80,30,880.64234
6461.75,515,124,125,63,69,80,30,1059.95178
6462.0,515,107,125,63,69,80,30,801.71307
6462.25,515,93,123,61,66,76,30,964.9639999999999
6462.5,521,93,123,61,66,76,30,1069.0564
6462.75,528,93,123,69,66,85,30,1045.74764
6463.0,528,93,123,69,60,85,30,1112.74488
6463.25,528,127,123,69,60,85,30,843.9676
6463.5,528,127,123,69,60,85,30,903.48888
6463.75,528,128,123,69,60,85,30,833.42787
6464.0,595,128,125,69,66,80,25,1133.2281600000001
6464.25,595,164,125,69,66,80,25,1257.18276
6464.5,584,112,119,69,66,76,20,1082.0347000000002
6464.75,480,112,115,69,57,80,25,1083.96218
6465.0,480,112,115,69,57,80,25,970.46418
6465.25,458,110,119,61,63,71,25,831.77342
6465.5,458,110,119,61,63,71,25,871.29141
6465.75,458,110,119,61,63,71,25,940.6134200000001
6466.0,458,126,119,61,63,71,25,960.2799699999999
6466.25,458,126,119,61,63,71,25,790.9556200000001
6466.5,478,111,129,66,66,76,30,1069.5154400000001
6466.75,478,111,129,66,66,76,30,808.2024
6467.0,478,158,129,66,66,76,30,1058.50602
6467.25,478,158,129,66,66,76,30,1186.03747
6467.5,478,158,129,66,66,76,30,832.58027
6467.75,478,146,129,66,66,76,30,1002.9911
6468.0,458,146,111,58,66,71,30,1066.947
6468.25,458,146,111,58,66,71,30,1006.1854000000001
6468.5,458,112,111,58,66,71,30,831.5268
6468.75,458,112,111,58,66,71,30,996.92616
6469.0,544,133,119,79,66,89,30,1056.29
6469.25,544,133,119,79,57,89,20,1126.09134
6469.5,544,177,119,79,57,89,20,1237.51845
6469.75,544,177,119,79,57,89,20,1028.0809000000002
6470.0,544,177,119,79,57,89,20,950.0694
6470.25,544,115,119,79,57,89,20,950.00895
6470.5,544,115,119,79,57,89,20,1040.74905
6470.75,0,0,0,0,0,0,0,0.0
6471.0,544,181,119,79,57,89,20,1019.6960399999999
6471.25,544,181,119,79,57,89,20,1095.9587099999999
6471.5,544,181,119,79,57,89,20,1049.07726
6471.75,0,0,0,0,0,0,0,0.0
6472.0,536,204,123,74,54,89,25,935.7802999999999
6472.25,536,191,123,74,54,89,25,1289.40084
6472.5,613,191,129,79,51,80,30,1350.53355
6472.75,613,178,129,79,51,80,30,941.0616
6473.0,613,178,129,79,51,80,30,1106.002
6473.25,613,178,129,79,51,80,30,1094.7268
6473.5,613,150,129,79,51,80,30,1025.68256
6473.75,613,150,129,79,60,94,35,1374.0316
6474.0,475,199,129,69,60,94,35,1160.06557
6474.25,475,199,129,69,60,94,35,905.59533
6474.5,475,199,129,69,60,94,35,903.72797
6474.75,475,145,129,69,60,94,35,1159.59071
6475.0,475,145,129,69,60,94,35,1173.6585
6475.25,475,150,132,69,60,94,35,907.56225
6475.5,463,150,132,63,60,76,30,780.06686
6475.75,463,150,132,63,60,76,30,819.80606
6476.0,463,164,132,63,60,76,30,917.2690799999999
6476.25,463,164,132,63,60,76,30,1046.26236
6476.5,534,162,142,71,66,98,35,1296.78104
6476.75,534,162,142,71,66,98,35,1160.47488
6477.0,534,162,142,71,66,98,35,1001.6874
6477.25,534,136,142,71,66,98,35,1076.22212
6477.5,534,136,142,71,66,98,35,1167.2507799999998
6477.75,534,159,142,71,66,98,35,1161.4434
6478.0,534,159,142,71,66,98,35,1256.39605
6478.25,534,156,142,71,66,98,35,965.80382
6478.5,534,146,132,63,66,89,30,1115.5122000000001
6478.75,535,181,132,63,69,89,30,1144.58652
6479.0,537,181,144,77,66,85,35,1127.2724999999998
6479.25,537,181,144,77,66,85,35,988.95375
6479.5,537,171,144,77,66,85,35,1316.7258
6479.75,537,171,144,77,66,85,35,963.8059999999999
6480.0,537,171,144,77,66,85,35,923.1196500000001
6480.25,578,183,129,48,84,85,20,1095.80464
6480.5,578,183,129,48,84,85,20,1344.89418
6480.75,578,152,129,48,84,85,20,1272.13816
6481.0,578,152,129,48,84,85,20,893.4482399999999
6481.25,578,152,129,48,84,85,20,1294.79248
6481.5,578,128,129,63,84,85,30,1196.9696099999999
6481.75,520,128,123,63,60,71,30,930.7827
6482.0,520,77,123,63,60,71,30,779.85728
6482.25,520,77,123,63,60,71,30,1073.2052800000001
6482.5,520,80,123,63,60,71,30,1120.29153
6482.75,520,80,131,63,60,71,30,864.70475
6483.0,506,80,131,61,57,58,30,927.9288199999999
6483.25,506,72,131,61,57,58,30,892.90275
6483.5,506,72,131,61,57,58,30,794.1102
6483.75,506,63,131,61,57,58,30,825.70122
6484.0,489,48,125,55,51,54,30,710.20164
6484.25,489,64,125,55,51,54,30,731.32472
6484.5,489,60,125,55,51,54,30,960.5347200000001
6484.75,489,60,125,55,51,54,30,926.08704
6485.0,489,57,125,55,51,54,30,731.90166
6485.25,489,57,125,55,51,54,30,729.55974
6485.5,521,57,131,61,60,67,35,1049.32948
6485.75,521,172,131,61,60,67,35,1089.16269
6486.0,521,172,131,61,60,67,35,1127.5457099999999
6486.25,521,136,131,61,60,67,35,1060.7007600000002
6486.5,521,136,131,61,60,67,35,1152.85341
6486.75,524,136,132,69,54,76,30,832.90117
6487.0,524,121,132,69,54,76,30,1127.08216
6487.25,524,199,132,69,54,76,30,1016.04404
6487.5,561,165,144,79,54,85,30,1293.33594
6487.75,561,165,144,79,54,85,30,1100.91696
6488.0,561,150,144,79,54,85,30,1010.77817
6488.25,561,150,144,79,54,85,30,1091.10966
6488.5,605,153,146,77,57,80,30,1052.11904
6488.75,605,153,146,77,57,80,30,1131.42288
6489.0,605,127,146,77,57,80,30,1338.2655
6489.25,605,152,146,77,57,80,30,1370.42413
6489.5,605,152,146,77,57,80,30,1194.4628599999999
6489.75,605,166,146,77,57,80,30,1143.07416
6490.0,605,166,146,77,57,80,30,1215.64827
6490.25,605,166,146,77,57,80,30,1141.54164
6490.5,605,166,146,77,66,80,40,1302.012
6490.75,578,166,144,74,66,80,40,1092.609
6491.0,578,191,144,74,66,80,40,1231.95498
6491.25,578,191,144,74,66,80,40,1004.6393099999999
6491.5,578,191,144,74,66,80,40,955.93635
6491.75,653,158,148,82,66,85,40,1152.1048
6492.0,653,158,148,82,63,85,35,1016.99712
6492.25,653,200,148,82,63,85,35,1100.43252
6492.5,646,184,146,82,51,76,35,1074.8932
6492.75,646,184,146,90,51,76,35,1167.7666
6493.0,646,153,146,90,51,76,35,1212.11811
6493.25,646,153,146,90,54,76,35,1216.632
6493.5,609,187,144,79,54,67,35,1283.93425
6493.75,609,187,144,79,54,67,35,1358.723
6494.0,609,187,144,79,54,67,35,1187.46675
6494.25,609,168,144,79,54,67,35,1089.7033999999999
6494.5,609,168,144,79,54,67,35,1320.83404
6494.75,609,128,144,79,54,67,35,1216.68552
6495.0,609,0,144,79,78,71,35,1178.39744
6495.25,554,0,138,50,78,71,20,806.3261
6495.5,554,0,138,50,78,71,20,1061.68851
6495.75,554,0,138,50,78,71,20,785.9743599999999
6496.0,554,7,138,50,78,71,20,827.97174
6496.25,554,7,138,50,78,71,20,1085.18616
6496.5,554,7,138,50,78,71,20,1080.38502
6496.75,554,20,138,50,78,71,20,979.95198
6497.0,554,20,138,50,78,71,20,866.56549
6497.25,554,7,138,50,78,71,20,803.90178
6497.5,554,7,138,50,78,71,20,922.41558
6497.75,554,7,138,50,78,71,20,793.30806
6498.0,554,0,138,50,78,71,20,802.94629
6498.25,554,0,138,50,78,71,20,965.2045
6498.5,554,13,138,50,78,71,20,1008.6291600000001
6498.75,586,177,146,87,54,67,30,1178.15252
6499.0,586,177,146,87,54,67,30,1211.232
6499.25,571,133,146,77,54,67,25,1261.81581
6499.5,571,133,146,77,63,71,25,950.6518199999999
6499.75,571,156,146,77,63,71,25,978.5150600000001
6500.0,573,156,150,77,72,80,25,1339.0927
6500.25,573,156,150,63,72,80,25,1066.38462
6500.5,573,136,150,63,72,80,25,992.91353
6500.75,573,136,150,63,72,80,25,1183.4251800000002
6501.0,573,136,150,63,72,80,25,1181.78767
6501.25,622,136,152,63,81,89,30,1177.8093
6501.5,622,136,152,63,81,89,30,1176.8239800000001
6501.75,622,149,152,63,81,89,30,1298.14816
6502.0,622,184,152,77,81,89,30,1274.0383499999998
6502.25,575,184,138,77,60,76,25,975.3281999999999
6502.5,575,140,138,77,60,76,25,1251.51883
6502.75,575,143,138,77,60,76,25,1299.5626
6503.0,575,143,138,77,60,76,25,1112.3245
6503.25,575,162,138,77,60,76,25,1334.29779
6503.5,723,162,157,84,60,89,30,1360.76265
6503.75,723,234,157,84,60,89,30,1329.9203699999998
6504.0,718,177,156,95,57,103,35,1238.92308
6504.25,718,112,156,95,57,103,35,1218.88624
6504.5,585,112,134,77,54,85,35,1213.2574200000001
6504.75,585,121,134,77,54,85,35,903.9371400000001
6505.0,585,131,134,77,63,85,35,1023.5421
6505.25,585,131,125,61,63,80,30,895.0880000000001
6505.5,585,85,125,61,63,80,30,1069.8513
6505.75,585,165,125,61,63,80,30,1002.4251
6506.0,585,165,108,55,60,76,30,1234.50548
6506.25,585,139,108,55,60,76,30,1035.43596
6506.5,585,105,108,55,60,76,30,1120.74715
6506.75,585,137,108,55,60,76,30,969.68413
6507.0,585,137,223,55,60,76,30,1016.9268999999999
6507.25,576,64,228,45,63,58,30,862.87208
6507.5,564,64,223,55,48,58,30,857.5347399999999
6507.75,564,61,221,45,48,54,20,1204.62921
6508.0,564,76,221,45,48,54,10,1194.3684999999998
6508.25,591,175,223,45,54,58,15,1342.5804
6508.5,591,112,223,45,54,58,15,1315.85418
6508.75,591,112,223,45,54,58,15,1124.53866
6509.0,591,91,211,42,87,49,10,1006.21642
6509.25,591,177,211,42,87,49,10,1113.29466
6509.5,591,177,211,42,87,49,10,1385.91753
6509.75,591,112,211,42,87,49,10,1165.01236
6510.0,591,112,217,45,48,58,15,919.88544
6510.25,591,112,217,45,48,58,15,1024.84734
6510.5,591,114,217,45,48,58,15,1082.5382399999999
6510.75,591,172,217,45,48,58,15,1170.22644
6511.0,591,172,217,45,48,58,15,1039.63974
6511.25,591,70,217,45,48,58,15,1079.17236
6511.5,591,164,209,42,90,49,10,1286.2541999999999
6511.75,591,164,209,42,90,49,10,949.6872
6512.0,591,140,209,42,90,49,10,1180.91103
6512.25,616,164,219,71,93,85,35,1339.36219
6512.5,616,164,219,71,93,85,35,1170.53222
6512.75,616,187,219,71,93,85,35,1479.0188799999999
6513.0,616,187,219,71,93,85,35,1299.82262
6513.25,616,98,217,63,93,80,30,963.50121
6513.5,616,107,217,63,93,80,30,1353.05964
6513.75,616,73,217,63,93,80,30,1399.09844
6514.0,660,73,213,58,87,71,30,1385.73576
6514.25,660,73,213,58,87,71,30,1078.5812
6514.5,660,73,213,58,87,71,30,1218.7365599999998
6514.75,660,73,213,58,87,71,30,1158.43328
6515.0,0,0,0,0,0,0,0,0.0
6515.25,0,0,0,0,0,0,0,0.0
6515.5,0,0,0,0,0,0,0,0.0
6515.75,0,0,0,0,0,0,0,0.0
6516.0,0,0,0,0,0,0,0,0.0
6516.25,0,0,0,0,0,0,0,0.0
6516.5,0,0,0,0,0,0,0,0.0
6516.75,0,0,0,0,0,0,0,0.0
6517.0,0,0,0,0,0,0,0,0.0
6517.25,0,0,0,0,0,0,0,0.0
6517.5,0,0,0,0,0,0,0,0.0
6517.75,0,0,0,0,0,0,0,0.0
6518.0,0,0,0,0,0,0,0,0.0
6518.25,0,0,0,0,0,0,0,0.0
6518.5,0,0,0,0,0,0,0,0.0
6518.75,0,0,0,0,0,0,0,0.0
6519.0,0,0,0,0,0,0,0,0.0
6519.25,0,0,0,0,0,0,0,0.0
6519.5,0,0,0,0,0,0,0,0.0
6519.75,0,0,0,0,0,0,0,0.0
6520.0,0,0,0,0,0,0,0,0.0
6520.25,0,0,0,0,0,0,0,0.0
6520.5,0,0,0,0,0,0,0,0.0
6520.75,0,0,0,0,0,0,0,0.0
6521.0,0,0,0,0,0,0,0,0.0
6521.25,0,0,0,0,0,0,0,0.0
6521.5,0,0,0,0,0,0,0,0.0
6521.75,0,0,0,0,0,0,0,0.0
6522.0,0,0,0,0,0,0,0,0.0
6522.25,0,0,0,0,0,0,0,0.0
6522.5,0,0,0,0,0,0,0,0.0
6522.75,0,0,0,0,0,0,0,0.0
6523.0,0,0,0,0,0,0,0,0.0
6523.25,0,0,0,0,0,0,0,0.0
6523.5,0,0,0,0,0,0,0,0.0
6523.75,0,0,0,0,0,0,0,0.0
6524.0,0,0,0,0,0,0,0,0.0
6524.25,0,0,0,0,0,0,0,0.0
6524.5,0,0,0,0,0,0,0,0.0
6524.75,0,0,0,0,0,0,0,0.0
6525.0,0,0,0,0,0,0,0,0.0
6525.25,0,0,0,0,0,0,0,0.0
6525.5,0,0,0,0,0,0,0,0.0
6525.75,0,0,0,0,0,0,0,0.0
6526.0,0,0,0,0,0,0,0,0.0
6526.25,0,0,0,0,0,0,0,0.0
6526.5,0,0,0,0,0,0,0,0.0
6526.75,0,0,0,0,0,0,0,0.0
6527.0,0,0,0,0,0,0,0,0.0
6527.25,0,0,0,0,0,0,0,0.0
6527.5,0,0,0,0,0,0,0,0.0
6527.75,0,0,0,0,0,0,0,0.0
6528.0,0,0,0,0,0,0,0,0.0
6528.25,0,0,0,0,0,0,0,0.0
6528.5,0,0,0,0,0,0,0,0.0
6528.75,0,0,0,0,0,0,0,0.0
6529.0,0,0,0,0,0,0,0,0.0
6529.25,0,0,0,0,0,0,0,0.0
6529.5,0,0,0,0,0,0,0,0.0
6529.75,0,0,0,0,0,0,0,0.0
6530.0,0,0,0,0,0,0,0,0.0
6530.25,0,0,0,0,0,0,0,0.0
6530.5,0,0,0,0,0,0,0,0.0
6530.75,0,0,0,0,0,0,0,0.0
6531.0,0,0,0,0,0,0,0,0.0
6531.25,0,0,0,0,0,0,0,0.0
6531.5,0,0,0,0,0,0,0,0.0
6531.75,0,0,0,0,0,0,0,0.0
6532.0,0,0,0,0,0,0,0,0.0
6532.25,457,143,108,16,81,80,15,986.1210000000001
6532.5,457,143,108,16,81,80,15,890.784
6532.75,457,231,108,16,81,80,15,915.04608
6533.0,457,120,108,16,81,80,15,978.06548
6533.25,472,120,111,32,57,80,20,842.6724
6533.5,472,188,111,32,57,89,20,1123.0710000000001
6533.75,384,200,90,13,51,71,20,976.3133
6534.0,390,199,106,58,39,71,35,961.7490200000001
6534.25,390,165,106,58,39,76,35,893.5840099999999
6534.5,390,83,106,58,39,76,35,764.8853
6534.75,390,83,113,58,63,76,20,924.3333
6535.0,373,18,113,42,63,80,20,842.12893
6535.25,373,58,113,42,63,80,20,652.69358
6535.5,404,58,131,48,69,85,20,719.3679
6535.75,404,95,131,48,69,107,20,788.19942
6536.0,404,67,131,48,69,107,20,852.92028
6536.25,404,67,131,48,69,107,20,996.04656
6536.5,404,133,131,48,69,107,20,966.28224
6536.75,404,199,131,48,69,107,20,1006.93902
6537.0,404,199,131,48,69,107,20,1010.9977200000001
6537.25,529,54,148,66,90,80,25,1018.99232
6537.5,529,139,148,66,90,80,25,1263.59025
6537.75,529,139,148,77,90,89,45,1083.30011
6538.0,335,183,121,71,57,71,40,952.04174
6538.25,373,86,125,61,66,71,35,794.76126
6538.5,373,86,125,61,66,71,35,766.23162
6538.75,373,110,125,61,66,71,35,919.49894
6539.0,437,7,113,63,45,67,35,657.23463
6539.25,473,7,111,55,45,89,20,731.9359999999999
6539.5,473,1,111,55,45,89,20,807.9585199999999
6539.75,473,117,111,55,45,89,20,869.6233
6540.0,473,117,111,24,45,80,15,900.2401
6540.25,473,54,111,24,45,80,15,715.52034
6540.5,473,45,111,24,45,80,15,808.3366199999999
6540.75,473,45,94,77,45,85,30,856.70892
6541.0,473,34,94,77,45,85,30,757.3005999999999
6541.25,473,143,94,77,45,89,30,1055.57196
6541.5,473,143,94,58,45,89,30,1018.7878400000001
6541.75,473,104,94,58,45,89,30,728.93804
6542.0,473,123,94,58,45,45,30,1008.23408
6542.25,632,123,179,137,99,107,50,1187.01477
6542.5,632,112,179,137,99,107,50,1158.98804
6542.75,632,142,179,137,99,107,50,1085.0779
6543.0,544,142,209,148,105,116,50,1137.9897
6543.25,544,88,209,148,105,116,50,1341.3078
6543.5,562,58,213,145,105,120,55,1219.7568
6543.75,562,58,213,145,105,120,55,1199.22624
6544.0,562,166,213,145,105,120,55,1101.2009
6544.25,562,175,213,145,111,134,60,1277.682
6544.5,526,175,207,145,111,134,60,1617.3508399999998
6544.75,526,162,207,145,111,134,60,1610.3685
6545.0,549,127,211,150,117,134,60,1613.20552
6545.25,549,127,211,150,117,134,60,1404.60252
6545.5,549,168,211,150,117,134,60,1463.6031899999998
6545.75,549,150,211,150,117,134,60,1314.6519
6546.0,510,118,190,158,120,125,70,1159.35673
6546.25,678,149,184,172,99,134,60,1557.60804
6546.5,678,162,184,172,99,134,60,1435.26199
6546.75,678,162,184,172,126,143,65,1296.4608
6547.0,479,200,177,135,126,143,65,1332.95
6547.25,479,146,177,135,126,143,65,1067.22057
6547.5,531,178,192,174,99,138,65,1223.69859
6547.75,531,178,192,174,99,138,65,1562.0688
6548.0,535,156,192,174,111,138,70,1520.52128
6548.25,535,156,190,153,111,125,70,1316.4294
6548.5,535,166,190,153,111,125,70,1291.518
6548.75,489,139,150,79,78,116,40,896.5947100000001
6549.0,480,139,134,61,87,125,30,1139.78304
6549.25,480,139,134,61,87,125,30,1065.0816
6549.5,480,139,134,61,87,125,30,982.65024
6549.75,480,143,134,61,87,125,30,926.3022000000001
6550.0,480,175,134,61,87,125,30,1006.0377599999999
6550.25,519,147,136,74,69,103,30,1199.5768400000002
6550.5,557,147,136,74,69,103,30,1334.09988
6550.75,557,183,136,74,69,103,30,1137.38112
6551.0,557,145,136,74,69,103,30,1240.5503999999999
6551.25,520,168,132,69,63,94,25,1139.2655399999999
6551.5,520,162,132,82,63,103,30,878.44848
6551.75,520,162,132,82,54,103,30,1255.1970000000001
6552.0,520,175,132,82,54,103,30,909.5484799999999
6552.25,520,162,132,82,66,103,30,1257.2899499999999
6552.5,499,162,119,74,66,134,25,1082.50675
6552.75,499,115,119,74,66,120,25,933.9132
6553.0,499,172,119,74,66,98,25,1090.3288499999999
6553.25,499,172,119,74,66,98,25,1193.55444
6553.5,499,183,119,74,66,98,25,863.74456
6553.75,499,153,121,74,66,98,30,1149.20154
6554.0,404,131,119,48,63,107,30,798.5857
6554.25,456,143,119,48,78,112,30,903.64928
6554.5,456,150,111,26,78,112,20,1046.76567
6554.75,456,150,111,26,78,112,20,894.07601
6555.0,456,147,111,26,78,112,20,1093.8965
6555.25,406,126,94,26,63,67,15,917.0282000000001
6555.5,470,91,108,37,72,85,20,778.10843
6555.75,470,133,119,55,72,85,25,1077.86805
6556.0,448,128,119,55,48,71,25,754.57176
6556.25,448,128,119,55,48,71,25,1038.70284
6556.5,500,140,111,34,81,85,20,869.36543
6556.75,500,140,111,34,81,85,20,801.10413
6557.0,500,161,111,34,81,85,20,1082.6688
6557.25,500,165,115,42,81,85,30,883.6036399999999
6557.5,471,153,115,42,63,67,30,1034.89298
6557.75,471,153,115,42,63,67,30,1070.4439599999998
6558.0,471,168,115,42,63,67,30,1098.95068
6558.25,474,150,113,45,69,76,30,936.94128
6558.5,401,127,109,34,66,62,35,691.02738
6558.75,401,136,109,34,66,62,35,900.77922
6559.0,401,136,109,34,66,62,35,739.82523
6559.25,401,145,109,34,66,62,35,922.7330400000001
6559.5,415,196,121,42,66,62,35,997.1928800000001
6559.75,415,196,121,42,57,62,30,880.8189
6560.0,415,159,121,42,57,62,30,1018.88228
6560.25,415,159,121,42,57,62,30,801.387
6560.5,400,196,117,26,72,76,30,1077.81429
6560.75,400,196,117,26,72,76,30,818.0465300000001
6561.0,437,147,125,61,48,76,35,868.3362999999999
6561.25,437,169,125,61,48,76,35,993.0151800000001
6561.5,437,121,111,61,39,71,30,765.1823999999999
6561.75,472,121,115,53,60,76,35,1100.925
6562.0,472,149,115,53,60,76,35,800.5824
6562.25,472,149,115,53,60,76,35,849.648
6562.5,472,174,115,53,60,76,35,975.7114499999999
6562.75,472,145,115,53,60,76,35,769.79988
6563.0,472,139,115,53,60,76,35,881.0395
6563.25,435,139,113,53,54,62,25,929.78978
6563.5,540,171,115,61,54,71,30,999.51766
6563.75,540,171,115,61,54,71,30,1044.66752
6564.0,540,145,115,61,54,71,30,1195.10048
6564.25,540,172,115,63,54,71,35,896.847
6564.5,432,174,109,63,42,62,35,1099.43715
6564.75,432,174,109,63,42,62,35,1037.1728500000002
6565.0,457,137,108,61,54,62,35,993.62768
6565.25,382,105,108,55,48,62,30,670.9312
6565.5,483,142,125,55,54,62,30,1082.0382900000002
6565.75,483,99,125,48,54,58,25,718.6844
6566.0,483,99,125,48,54,58,25,871.84972
6566.25,483,104,125,48,66,67,30,919.0864799999999
6566.5,397,133,115,42,66,67,30,876.8005
6566.75,439,133,115,50,51,62,25,941.21125
6567.0,439,92,115,50,51,62,25,851.58072
6567.25,439,121,115,50,51,62,25,796.0139399999999
6567.5,439,0,115,53,51,62,30,832.215
6567.75,470,10,113,61,57,67,25,658.5242400000001
6568.0,730,201,219,174,132,254,75,1643.0211
6568.25,577,201,202,172,120,241,75,1692.26808
6568.5,626,261,213,177,135,250,80,1900.9575
6568.75,626,261,213,177,135,250,80,1452.42734
6569.0,626,234,213,177,135,250,80,1899.5339999999999
6569.25,626,238,213,177,135,250,80,1909.53396
6569.5,626,238,213,177,135,250,80,1825.73271
6569.75,626,218,213,177,135,250,80,1955.26017
6570.0,653,238,219,201,108,259,80,1408.5975
6570.25,537,149,148,106,75,112,40,1394.23824
6570.5,549,143,150,82,84,107,40,1253.3598
6570.75,549,188,150,95,84,107,40,1055.57686
6571.0,495,175,138,95,60,107,35,885.7017000000001
6571.25,495,175,138,95,60,107,35,913.4593
6571.5,495,108,138,95,60,107,35,1172.67012
6571.75,495,178,138,95,60,107,35,1061.59696
6572.0,515,191,144,84,75,107,40,955.4802400000001
6572.25,515,206,144,84,75,107,40,1249.7614600000002
6572.5,515,164,144,84,75,107,40,1236.65015
6572.75,515,164,150,92,75,112,40,1159.67516
6573.0,495,142,134,58,66,76,35,1035.48586
6573.25,496,153,134,58,66,76,35,907.1194399999999
6573.5,503,136,136,50,72,71,35,1109.34809
6573.75,503,136,136,50,72,71,35,806.25152
6574.0,547,149,148,63,75,85,35,892.31144
6574.25,547,156,148,63,75,85,35,1292.5395
6574.5,547,96,148,63,75,85,35,1122.02089
6574.75,547,172,148,63,75,85,35,1024.88625
6575.0,0,0,0,0,0,0,0,0.0
6575.25,0,0,0,0,0,0,0,0.0
6575.5,0,0,0,0,0,0,0,0.0
6575.75,0,0,0,0,0,0,0,0.0
6576.0,0,0,0,0,0,0,0,0.0
6576.25,0,0,0,0,0,0,0,0.0
6576.5,0,0,0,0,0,0,0,0.0
6576.75,0,0,0,0,0,0,0,0.0
6577.0,0,0,0,0,0,0,0,0.0
6577.25,0,0,0,0,0,0,0,0.0
6577.5,0,0,0,0,0,0,0,0.0
6577.75,0,0,0,0,0,0,0,0.0
6578.0,0,0,0,0,0,0,0,0.0
6578.25,0,0,0,0,0,0,0,0.0
6578.5,0,0,0,0,0,0,0,0.0
6578.75,0,0,0,0,0,0,0,0.0
6579.0,0,0,0,0,0,0,0,0.0
6579.25,0,0,0,0,0,0,0,0.0
6579.5,0,0,0,0,0,0,0,0.0
6579.75,0,0,0,0,0,0,0,0.0
6580.0,0,0,0,0,0,0,0,0.0
6580.25,0,0,0,0,0,0,0,0.0
6580.5,0,0,0,0,0,0,0,0.0
6580.75,0,0,0,0,0,0,0,0.0
6581.0,0,0,0,0,0,0,0,0.0
6581.25,257,28,84,53,42,0,0,555.33376
6581.5,257,115,84,53,42,0,0,483.00660000000005
6581.75,257,115,84,53,42,0,0,607.74749
6582.0,290,416,63,34,39,9,0,918.40771
6582.25,290,361,63,34,39,9,0,852.5637599999999
6582.5,434,361,92,37,27,18,0,984.8915999999999
6582.75,645,121,119,45,45,31,40,1205.64052
6583.0,803,237,121,32,51,31,40,1235.8107
6583.25,803,237,121,32,51,31,40,1140.6047
6583.5,921,110,132,42,72,45,40,1179.60096
6583.75,1035,390,150,34,63,27,40,1949.9059200000002
6584.0,1039,438,171,42,60,36,40,1986.2497600000002
6584.25,1039,98,171,42,60,36,40,1647.8997000000002
6584.5,1284,418,182,32,78,36,40,2024.253
6584.75,1439,206,202,34,90,36,40,2300.80753
6585.0,1439,369,209,34,96,40,40,2240.8074
6585.25,1335,353,204,16,108,49,40,1723.9529
6585.5,1520,276,204,29,117,49,40,2577.06675
6585.75,1521,299,238,29,120,58,40,2075.03015
6586.0,1724,415,221,48,114,62,40,2296.41984
6586.25,1724,288,221,48,114,62,40,2579.4759099999997
6586.5,1639,289,188,37,72,13,50,2007.1937599999999
6586.75,1819,365,215,40,87,45,50,3074.8785700000003
6587.0,1843,439,248,61,102,36,50,2365.17911
6587.25,1843,404,248,61,102,36,50,2974.55088
6587.5,1984,326,261,29,138,54,30,2869.63536
6587.75,1998,426,261,79,138,54,45,3577.1619900000005
6588.0,1997,456,253,42,129,67,45,2706.33027
6588.25,1997,362,253,42,129,67,45,3433.55685
6588.5,2033,456,250,21,138,49,45,2399.82336
6588.75,2033,402,250,53,138,49,45,2713.2732
6589.0,2222,456,271,58,144,36,45,3213.28672
6589.25,2145,492,248,34,114,36,45,3405.4703999999997
6589.5,2145,464,248,34,120,40,35,2534.5935200000004
6589.75,2035,439,257,58,90,36,45,3377.9816
6590.0,2261,381,265,55,111,36,45,2642.4211999999998
6590.25,2306,394,280,18,164,58,45,3815.0872
6590.5,2109,469,250,61,120,40,45,2832.1238399999997
6590.75,2174,378,273,69,123,67,45,2869.44945
6591.0,2208,475,292,45,138,62,45,3449.30925
6591.25,2302,340,296,63,120,71,70,3565.95316
6591.5,2415,529,303,53,123,71,129,3983.8145700000005
6591.75,2415,342,303,53,123,71,129,3094.3585199999998
6592.0,2415,353,303,53,126,62,139,2797.7602100000004
6592.25,2298,353,298,61,155,67,134,2987.1567
6592.5,2387,526,319,84,96,67,139,3398.2065000000002
6592.75,2387,437,319,84,96,67,139,4198.06311
6593.0,2503,432,305,84,99,67,125,3400.88355
6593.25,2525,438,321,32,102,67,129,4277.42198
6593.5,2494,550,363,32,173,67,95,4466.7177
6593.75,2751,0,355,61,158,62,95,3520.3019999999997
6594.0,2573,0,307,71,167,67,105,3215.8105
6594.25,2460,0,305,69,123,71,80,3255.5367599999995
6594.5,2777,0,309,66,170,71,80,2879.49903
6594.75,2704,0,307,66,170,71,75,3311.80551
6595.0,2704,0,307,66,170,71,75,3482.1680400000005
6595.25,2749,555,317,103,179,62,90,3887.9339999999997
6595.5,2454,510,317,61,161,62,90,4045.97535
6595.75,2591,422,317,61,120,62,85,3501.9863
6596.0,2796,489,313,48,129,67,85,4364.8212300000005
6596.25,2643,549,313,69,141,67,90,3189.09536
6596.5,2776,521,303,66,173,80,80,3534.1962299999996
6596.75,2776,473,303,66,173,80,80,3800.30886
6597.0,3021,483,303,66,132,80,80,3826.3855
6597.25,2998,464,296,66,120,76,80,3937.353
6597.5,2998,518,296,18,120,76,80,3378.08832
6597.75,2918,496,298,18,147,76,90,3505.15971
6598.0,3159,530,296,18,155,80,95,4504.02351
6598.25,3159,502,296,18,155,85,95,4149.1508
6598.5,2802,486,298,21,141,67,95,4326.8060000000005
6598.75,2802,475,301,21,141,67,95,3842.37744
6599.0,2721,473,300,21,126,80,95,3545.4456
6599.25,3410,511,300,21,141,58,90,4605.0818500000005
6599.5,3410,524,290,0,161,67,110,3744.62646
6599.75,2735,533,288,0,161,67,110,3186.22656
6600.0,3330,517,292,0,155,58,110,4173.9779
6600.25,2901,501,292,0,138,58,105,4544.1527
6600.5,2901,537,292,0,138,58,105,3770.47647
6600.75,2967,511,288,0,141,54,105,3675.3387199999997
6601.0,3248,602,286,0,152,58,105,4226.53607
6601.25,3161,559,286,0,152,62,115,4660.3417500000005
6601.5,3161,572,286,0,152,62,115,5215.8608
6601.75,3467,641,290,5,197,76,129,4548.9415500000005
6602.0,3280,645,292,5,197,71,129,4737.939249999999
6602.25,3224,654,288,0,188,76,110,5157.8486
6602.5,3719,629,290,0,212,71,120,4707.48744
6602.75,3719,602,290,0,212,71,120,5565.2893
6603.0,3490,593,290,0,167,71,105,5598.7880399999995
6603.25,3490,569,290,0,179,71,120,4169.56683
6603.5,3630,606,296,3,209,107,129,5464.1556
6603.75,3630,629,296,5,209,107,129,4251.247
6604.0,3592,619,290,5,191,107,125,4684.76805
6604.25,3592,631,290,5,191,107,125,5614.55712
6604.5,3705,645,290,3,191,94,125,4313.89769
6604.75,3705,641,290,3,191,94,125,4473.9189
6605.0,3705,641,290,3,191,94,125,4563.33669
6605.25,3677,634,284,11,176,80,125,5086.59039
6605.5,3298,634,284,3,167,89,115,3990.3624
6605.75,3298,638,284,3,167,89,115,4534.92116
6606.0,3588,628,286,8,176,94,120,5108.054
6606.25,3588,625,286,8,176,94,134,5020.318859999999
6606.5,3471,625,284,5,173,80,120,3929.3943
6606.75,3051,583,286,0,155,76,90,3655.86923
6607.0,3324,593,286,0,155,76,105,3726.9729
6607.25,3016,575,282,0,152,62,90,3454.58785
6607.5,3203,628,286,0,158,62,110,3565.51566
6607.75,3192,615,286,0,164,76,110,4907.87109
6608.0,3096,621,286,0,152,76,105,4996.8064
6608.25,3096,616,286,0,152,76,105,3861.69284
6608.5,2265,256,296,34,42,49,15,2559.63834
6608.75,0,0,0,0,0,0,0,0.0
6609.0,0,0,0,0,0,0,0,0.0
6609.25,0,0,0,0,0,0,0,0.0
6609.5,0,0,0,0,0,0,0,0.0
6609.75,0,0,0,0,0,0,0,0.0
6610.0,0,0,0,0,0,0,0,0.0
6610.25,0,0,0,0,0,0,0,0.0
6610.5,0,0,0,0,0,0,0,0.0
6610.75,388,40,36,6,16,5,5,447.41184
6611.0,433,53,44,7,20,5,7,627.03231
6611.25,450,55,48,8,20,5,7,569.09024
6611.5,662,58,60,8,22,5,10,769.131
6611.75,423,45,47,7,19,7,9,566.87561
6612.0,346,44,39,6,17,5,7,415.24752
6612.25,306,31,36,6,16,5,7,371.5503
6612.5,113,1,8,0,4,0,2,118.9824
6612.75,113,0,9,0,4,0,2,132.39424
6613.0,165,19,15,1,7,3,3,240.16602
6613.25,170,17,15,1,7,5,3,223.16660000000002
6613.5,170,20,15,1,7,5,3,180.18572
6613.75,343,32,30,4,15,5,7,423.17288
6614.0,452,58,41,4,19,3,5,658.6843200000001
6614.25,452,59,41,4,19,3,5,470.64424
6614.5,589,63,53,8,20,5,7,628.29575
6614.75,599,53,56,8,25,7,9,795.0014
6615.0,402,0,29,4,16,3,5,505.08360000000005
6615.25,384,0,28,4,10,2,5,492.40326999999996
6615.5,401,0,29,7,10,3,7,473.35603
6615.75,423,51,33,4,15,3,3,430.65932
6616.0,423,51,37,6,17,3,5,515.79972
6616.25,419,46,42,7,20,5,9,522.73172
6616.5,340,45,37,6,17,5,9,473.28408
6616.75,809,118,112,21,64,22,35,1216.20561
6617.0,875,135,117,21,65,23,36,1317.6011999999998
6617.25,885,129,109,19,61,22,35,1271.4786
6617.5,935,127,112,19,64,20,35,1096.46464
6617.75,1058,125,121,19,59,22,31,1468.7512
6618.0,1412,57,142,21,52,13,21,2026.32946
6618.25,667,77,69,8,33,8,12,867.12162
6618.5,801,91,79,13,35,8,14,874.0236
6618.75,906,36,94,15,39,12,19,1150.22447
6619.0,1128,95,110,18,45,13,21,1393.1632
6619.25,1434,171,138,21,51,13,22,1961.8509999999999
6619.5,1351,149,144,21,55,17,26,1485.06305
6619.75,1227,197,126,18,58,17,24,1806.89464
6620.0,1233,185,131,19,59,18,26,1799.90094
6620.25,1652,200,156,22,67,18,28,1725.60789
6620.5,1534,157,155,18,65,18,28,1639.0525
6620.75,1566,181,154,22,67,20,28,1940.11486
6621.0,2393,271,208,28,78,22,31,2843.25986
6621.25,1925,278,184,29,75,20,36,2263.54437
6621.5,1925,249,184,29,81,22,38,2772.50816
6621.75,1966,277,207,22,94,23,43,2467.71056
6622.0,2154,270,224,33,100,32,47,3003.6864
6622.25,2184,342,217,31,102,27,47,2579.185
6622.5,2760,372,258,38,107,30,48,3288.1913
6622.75,2760,320,257,38,107,30,48,3159.2508000000003
6623.0,2363,314,244,36,94,30,45,3494.6804399999996
6623.25,1909,277,206,32,90,27,45,2796.7848599999998
6623.5,1909,253,197,29,90,27,40,2325.85005
6623.75,2195,284,207,31,75,20,33,2702.72155
6624.0,2208,138,208,29,77,20,36,2280.082
6624.25,2062,113,211,25,77,17,31,2378.92016
6624.5,2111,154,211,26,78,15,33,2585.92572
6624.75,2138,171,212,24,78,17,33,2324.78829
6625.0,2150,178,212,24,80,18,29,2372.9238
6625.25,2168,237,211,26,83,23,36,2381.1551999999997
6625.5,2227,257,216,28,102,28,45,3196.9577799999997
6625.75,2227,310,216,28,102,28,45,3374.92432
6626.0,2569,387,318,53,144,42,71,4096.01024
6626.25,3320,472,396,54,204,55,97,5265.1698
6626.5,3708,516,432,74,223,68,111,5230.38044
6626.75,3953,530,455,81,236,73,119,6166.98446
6627.0,3953,547,455,81,236,73,119,6285.075279999999
6627.25,4072,568,494,97,236,76,125,5488.72116
6627.5,4179,615,517,93,254,83,133,5744.4783
6627.75,4253,591,527,93,268,83,133,6338.010359999999
6628.0,4161,557,508,72,258,75,130,5826.73301
6628.25,3644,539,461,86,232,73,119,4546.3434
6628.5,3506,518,461,86,209,73,109,5162.36556
6628.75,3349,506,428,76,207,66,104,4053.3529599999997
6629.0,3333,494,425,75,197,65,102,5161.36657
6629.25,3063,487,398,70,199,61,100,4751.268279999999
6629.5,3812,623,499,79,203,58,97,4771.27414
6629.75,3801,502,495,78,202,58,97,4543.13361
6630.0,3083,467,386,58,175,53,88,4931.071
6630.25,2804,403,364,60,146,48,78,3413.68089
6630.5,2669,533,347,58,138,45,74,3201.324
6630.75,2672,308,347,58,138,45,74,3123.5977199999998
6631.0,1742,377,284,46,139,46,73,2805.6701500000004
6631.25,2244,348,293,46,136,42,64,3594.31094
6631.5,2181,366,292,49,123,40,61,2646.41368
6631.75,1982,404,260,38,115,37,55,3320.1400399999998
6632.0,2325,301,267,38,120,37,54,3584.33076
6632.25,2325,250,262,38,119,35,52,3542.37975
6632.5,1962,835,249,49,112,45,83,2855.72715
6632.75,2130,235,254,44,116,45,83,2718.53919
6633.0,1348,237,210,38,93,32,54,1843.95776
6633.25,1480,266,281,63,162,66,107,2768.06475
6633.5,1617,293,277,54,174,71,112,3098.1409799999997
6633.75,1751,317,273,53,164,66,102,3030.9031
6634.0,1785,301,279,60,149,58,97,2537.28775
6634.25,1922,306,300,57,161,56,97,3383.79977
6634.5,2106,324,310,60,177,58,107,3178.0701599999998
6634.75,2051,309,300,61,170,58,107,2616.82224
6635.0,2169,357,306,63,202,75,118,3704.6387000000004
6635.25,2169,325,306,63,202,75,118,3277.28736
6635.5,2155,323,324,65,204,75,128,3255.56738
6635.75,2218,331,284,51,120,43,67,2645.21844
6636.0,2218,368,284,51,120,43,67,3733.71443
6636.25,2372,409,291,51,120,42,71,3048.82532
6636.5,2372,341,291,51,120,42,71,2727.5604
6636.75,2235,340,269,44,113,35,61,2998.48443
6637.0,2787,338,314,49,125,38,64,3390.19755
6637.25,2787,400,314,49,123,37,64,3747.6197399999996
6637.5,2536,384,286,47,117,37,59,3363.54504
6637.75,2516,326,278,46,110,35,57,2910.59192
6638.0,2313,305,272,36,115,32,54,2704.79246
6638.25,1928,309,231,38,100,33,48,2959.05875
6638.5,2760,396,298,46,110,33,52,3116.0674
6638.75,2516,376,286,32,113,35,52,3380.9809
6639.0,2692,842,279,43,99,30,48,4552.97469
6639.25,2009,0,145,38,129,40,88,2553.44985
6639.5,1403,177,117,21,87,22,42,2066.66544
6639.75,991,174,154,28,71,23,38,1546.5459300000002
6640.0,950,155,155,28,73,23,40,1543.48784
6640.25,876,105,145,28,59,22,35,1183.5257
6640.5,1309,190,212,46,106,42,66,2275.36182
6640.75,1493,243,258,56,155,61,90,2269.91176
6641.0,1493,240,258,56,155,61,90,2166.31298
6641.25,1537,271,305,71,186,71,121,2882.14752
6641.5,1563,288,319,78,197,78,131,2688.55508
6641.75,1563,293,319,78,197,78,131,2886.76994
6642.0,1841,281,333,82,191,81,133,3060.2978200000002
6642.25,1841,289,333,82,191,81,133,2785.9505
6642.5,2122,281,333,71,183,68,112,2983.7308
6642.75,2068,298,323,70,181,68,111,3593.77418
6643.0,1997,292,310,65,173,65,107,2913.2235299999998
6643.25,1997,313,310,65,173,65,107,3431.5053
6643.5,1990,300,284,53,151,55,80,2432.47152
6643.75,1959,320,306,61,183,66,99,2719.80948
6644.0,1958,339,312,64,183,68,100,2818.368
6644.25,1958,335,318,65,213,83,128,3194.519
6644.5,1953,309,323,78,213,83,130,2951.94107
6644.75,2001,298,337,75,215,76,126,2804.78376
6645.0,1908,292,321,65,206,78,123,2716.17743
6645.25,1908,287,321,65,213,78,123,2411.0348999999997
6645.5,1747,276,315,63,213,75,123,2768.04844
6645.75,1831,271,267,46,155,55,87,3203.57712
6646.0,1831,262,267,46,155,55,87,2294.17125
6646.25,1803,269,250,56,129,48,73,2600.3008800000002
6646.5,2007,280,258,54,112,40,61,2555.77056
6646.75,2007,292,262,54,115,40,62,3322.89888
6647.0,1941,317,262,50,115,35,62,3088.54858
6647.25,2182,334,245,44,109,40,52,2843.16498
6647.5,2304,305,250,44,117,40,54,2671.3760399999996
6647.75,2304,329,279,43,135,42,62,3470.53652
6648.0,2345,338,267,49,128,43,66,3184.93592
6648.25,2345,341,267,49,128,43,66,2665.53505
6648.5,2345,292,259,36,125,40,57,3277.4160200000006
6648.75,2306,291,276,51,116,42,66,2768.6974800000003
6649.0,2306,284,276,51,116,42,66,2991.08007
6649.25,1971,201,229,35,103,32,54,2668.07625
6649.5,1856,230,211,33,86,27,45,2221.13712
6649.75,1785,220,203,35,75,20,43,2672.24392
6650.0,1278,874,149,28,74,20,33,2120.9770399999998
6650.25,921,0,99,40,74,22,29,956.0698500000001
6650.5,856,90,102,24,91,20,36,1027.16597
6650.75,651,134,178,51,112,45,83,1300.2224399999998
6651.0,689,135,170,35,148,56,93,1253.0037
6651.25,689,151,199,58,161,73,114,1184.7555
6651.5,890,146,218,61,167,68,111,1718.5038200000001
6651.75,890,137,217,56,157,66,106,1539.06291
6652.0,1210,191,248,63,197,76,121,2192.05116
6652.25,1304,188,248,58,148,58,99,2511.36054
6652.5,1286,227,257,64,148,56,104,2546.60238
6652.75,1186,334,188,38,91,23,57,1886.63472
6653.0,1186,213,188,38,91,23,57,2127.59548
6653.25,1065,201,203,42,106,28,66,1447.95086
6653.5,1324,216,213,18,106,23,45,1674.00315
6653.75,1325,255,232,38,125,38,73,1810.9609
6654.0,1513,262,225,53,93,35,59,2099.4624
6654.25,1586,270,227,47,96,30,55,2327.9396300000003
6654.5,1584,282,232,38,110,33,57,2714.1983999999998
6654.75,1697,263,216,29,110,28,48,2530.06056
6655.0,1697,263,216,29,110,28,48,2165.38524
6655.25,1828,285,237,39,103,30,48,2410.2488
6655.5,1828,282,221,33,103,27,48,2857.2842600000004
6655.75,1795,267,240,35,107,30,55,2460.76758
6656.0,1481,248,202,39,74,25,40,2374.29111
6656.25,1481,248,202,39,74,25,40,2243.3433
6656.5,1504,238,192,39,68,25,36,1803.5580400000001
6656.75,1612,256,201,38,77,28,36,1808.98808
6657.0,1612,253,196,28,77,28,33,1814.58187
6657.25,1625,250,202,28,94,30,40,2665.73465
6657.5,1608,270,207,33,80,25,38,1946.33663
6657.75,1608,254,207,33,80,25,38,2468.1081
6658.0,1569,266,185,31,81,27,36,1874.24465
6658.25,1655,254,210,25,83,25,36,2273.86016
6658.5,1834,275,207,36,87,32,42,2175.93131
6658.75,1834,270,207,36,87,32,42,2575.5404399999998
6659.0,1807,274,215,32,107,30,45,2867.1228
6659.25,1824,283,224,35,88,23,45,2604.6963800000003
6659.5,1889,284,224,38,88,23,45,2613.46397
6659.75,1889,291,220,38,81,23,43,2869.867
6660.0,2013,313,241,24,100,27,42,2755.7496
6660.25,2641,192,279,40,115,27,48,3424.78134
6660.5,2641,423,282,38,119,35,47,2919.80325
6660.75,4556,500,470,65,180,51,69,6450.70391
6661.0,4568,391,470,65,180,51,69,6886.11106
6661.25,3383,438,343,46,131,37,50,5158.92996
6661.5,3383,438,343,46,131,37,50,4611.85056
6661.75,3152,423,307,40,125,37,52,4697.42064
6662.0,3001,484,290,36,125,37,50,3703.45311
6662.25,3629,549,362,56,133,38,62,3991.98943
6662.5,4087,452,361,46,155,38,64,5136.45363
6662.75,7169,509,587,78,200,42,71,7389.540639999999
6663.0,7159,520,583,76,199,40,69,10134.92766
6663.25,2819,448,297,28,128,28,55,4025.7036799999996
6663.5,3877,459,372,56,135,38,61,5666.1826200000005
6663.75,4836,529,470,56,196,45,80,7181.81744
6664.0,4836,509,470,42,196,45,80,5411.43376
6664.25,4947,628,467,67,170,46,81,6477.68314
6664.5,4947,410,467,67,170,46,81,6792.753240000001
6664.75,4947,411,467,67,167,46,81,6974.28198
6665.0,3794,374,387,65,136,45,74,4901.37375
6665.25,5439,98,483,63,178,45,73,5712.394499999999
6665.5,1105,142,151,28,62,25,38,1603.1291099999999
6665.75,1114,156,154,28,75,20,40,1315.28973
6666.0,1031,156,146,25,64,25,40,1284.97618
6666.25,1082,0,155,25,83,25,42,1481.0326800000003
6666.5,1141,160,151,31,70,27,42,1894.4797800000001
6666.75,1097,180,168,17,81,23,43,1690.4958500000002
6667.0,1173,168,180,32,83,28,48,1460.9694399999998
6667.25,1381,199,188,33,100,35,62,2262.01572
6667.5,1381,186,188,33,100,35,62,2280.6061999999997
6667.75,1385,206,187,32,84,33,47,2121.91182
6668.0,1546,158,199,24,107,32,55,1802.9772600000001
6668.25,1546,210,199,24,107,32,55,2243.90499
6668.5,1505,199,189,28,86,28,45,2379.2496
6668.75,1600,201,210,24,99,28,54,1832.6319999999998
6669.0,1598,358,196,32,99,32,54,2307.31124
6669.25,2112,250,323,68,189,68,118,3030.5940800000003
6669.5,1699,243,208,46,78,32,48,2774.5656400000003
6669.75,1692,229,204,38,91,28,45,2476.32359
6670.0,1627,227,192,25,91,27,42,1936.61955
6670.25,1609,205,193,33,102,23,47,2554.94848
6670.5,1601,248,187,28,93,30,43,2082.2402
6670.75,1598,251,189,14,103,27,47,2022.1933800000002
6671.0,1570,221,189,26,103,30,47,2193.03892
6671.25,1477,218,185,18,93,28,40,1760.7744400000001
6671.5,1583,200,206,32,75,27,42,2090.45905
6671.75,1470,207,197,31,70,23,40,2415.2338
6672.0,1547,239,197,39,84,35,43,2166.92112
6672.25,1547,219,194,26,84,32,42,1752.2268800000002
6672.5,1666,240,188,18,93,25,40,2613.7461
6672.75,1983,237,229,25,88,23,38,2740.0120300000003
6673.0,3910,532,436,75,144,35,67,5380.02918
6673.25,3837,459,418,74,131,33,67,5983.50123
6673.5,3851,401,366,56,116,37,55,4874.33526
6673.75,3950,426,342,51,91,23,47,5224.5675
6674.0,4008,486,342,53,112,30,54,4670.5725
6674.25,3984,420,359,51,116,33,50,5586.93837
6674.5,3776,430,328,44,112,32,48,3988.2447
6674.75,3834,446,337,57,102,28,55,4470.81449
6675.0,4011,464,335,56,117,30,59,4128.05008
6675.25,3917,426,328,51,126,35,59,4850.77068
6675.5,4262,473,347,49,138,42,55,5573.1276
6675.75,4262,469,330,47,138,37,59,4877.29942
6676.0,4957,553,392,71,120,35,62,6541.901500000001
6676.25,4946,546,394,68,135,37,57,6576.48612
6676.5,3709,522,301,43,102,33,50,4334.7892
6676.75,4668,433,376,46,136,40,54,5235.40259
6677.0,3775,388,314,51,115,33,50,5633.6283
6677.25,3620,421,307,53,113,30,54,4421.6667
6677.5,4291,434,331,36,129,35,50,6002.9431
6677.75,3897,482,319,50,129,30,50,4628.3508999999995
6678.0,3802,438,290,50,94,35,48,5119.38826
6678.25,3941,492,305,54,107,35,52,5428.40778
6678.5,3941,440,305,54,107,35,52,5328.76934
6678.75,4005,510,315,32,136,30,50,5033.87218
6679.0,4005,453,315,42,136,33,50,5224.2852
6679.25,3974,444,309,49,119,38,52,4676.3288
6679.5,3938,423,305,61,103,37,50,4251.82824
6679.75,4090,478,321,56,107,33,47,5702.98632
6680.0,4967,440,405,47,173,46,69,5266.25784
6680.25,4967,0,405,47,173,46,69,4716.09359
6680.5,1076,85,69,11,22,10,7,1172.48
6680.75,1325,104,97,25,26,17,16,1740.6354
6681.0,1245,202,81,3,39,7,16,1462.82004
6681.25,1915,124,142,31,39,12,24,2540.07942
6681.5,1617,123,64,8,42,17,31,1945.6699200000003
6681.75,2080,201,122,35,51,30,42,2542.8169
6682.0,1225,202,33,25,7,20,22,1775.80442
6682.25,1988,287,165,28,52,17,26,2693.02099
6682.5,1936,304,156,29,67,18,29,2651.50309
6682.75,2140,212,175,31,62,18,22,2531.4156
6683.0,2140,244,174,35,59,18,21,2900.9249099999997
6683.25,2268,266,194,49,75,20,26,3467.7468000000003
6683.5,2417,220,220,44,62,27,24,2543.39404
6683.75,2443,216,225,44,67,27,28,3356.8909999999996
6684.0,2226,223,185,33,59,23,26,2225.91075
6684.25,2167,81,188,39,57,20,26,2204.98918
6684.5,2261,195,197,31,62,22,24,3152.7264
6684.75,1910,217,163,26,65,18,22,2702.0781
6685.0,1656,264,140,31,46,20,22,2330.37513
6685.25,1955,235,166,22,61,17,21,2360.60577
6685.5,3314,441,302,42,126,37,57,3566.06873
6685.75,3314,283,300,42,119,35,52,4548.557199999999
6686.0,3842,365,318,44,138,37,59,4944.92865
6686.25,3842,239,318,38,138,35,59,4002.0800400000003
6686.5,2949,311,232,51,87,23,50,4301.70104
6686.75,10624,864,718,108,206,43,80,11864.44406
6687.0,10624,202,718,108,207,51,80,13508.7733
6687.25,1736,237,161,29,71,23,33,2741.9086
6687.5,1824,160,165,21,78,22,33,2607.34145
6687.75,3497,0,364,40,167,28,38,4026.1026
6688.0,4260,105,293,28,117,43,64,5541.2296
6688.25,11246,0,659,83,123,10,2,13596.671879999998
6688.5,0,0,0,0,0,0,0,0.0
6688.75,0,0,0,0,0,0,0,0.0
6689.0,4725,182,368,36,144,30,45,4538.8028
6689.25,4699,543,356,35,138,25,42,5254.66704
6689.5,3389,408,290,36,113,27,42,3763.4740500000003
6689.75,3389,355,290,36,113,27,42,4112.27928
6690.0,2809,348,241,40,87,27,38,3066.937
6690.25,2739,311,239,25,91,28,40,4126.51441
6690.5,2741,273,239,47,91,28,40,2953.8130499999997
6690.75,7711,519,603,93,229,68,93,8936.55932
6691.0,0,0,0,0,0,0,0,0.0
6691.25,0,0,0,0,0,0,0,0.0
6691.5,0,0,0,0,0,0,0,0.0
6691.75,0,0,0,0,0,0,0,0.0
6692.0,1591,129,81,0,9,0,0,1480.3446999999999
6692.25,1470,0,58,0,0,0,0,1337.12224
6692.5,4019,364,257,68,88,40,36,4839.357599999999
6692.75,5768,534,326,78,139,56,66,6702.88103
6693.0,5411,534,312,78,123,56,66,5995.1038
6693.25,5291,554,300,78,119,56,67,6215.063099999999
6693.5,5291,554,300,78,119,56,67,6362.4651
6693.75,7708,575,377,93,158,65,83,9176.31405
6694.0,7708,647,377,93,158,65,83,7667.48332
6694.25,8192,656,377,63,161,58,80,11097.43185
6694.5,9387,657,450,68,181,61,76,10555.776
6694.75,7051,478,300,83,93,42,66,9630.53665
6695.0,5689,560,272,44,122,38,57,6322.45168
6695.25,5689,557,272,44,122,38,57,7429.30947
6695.5,5044,510,271,32,120,33,55,6805.23325
6695.75,5143,474,267,36,120,35,54,7140.46887
6696.0,5143,439,267,51,110,35,54,6957.49524
6696.25,4314,451,257,38,100,33,47,4319.070000000001
6696.5,4241,265,239,29,103,28,45,4998.2625
6696.75,3723,244,239,24,102,25,42,4939.81306
6697.0,3311,350,218,21,99,23,42,4166.33152
6697.25,5817,110,525,76,181,27,3,7968.53055
6697.5,5817,20,525,76,181,27,3,7539.43408
6697.75,1775,177,136,15,59,13,22,1872.59098
6698.0,1472,173,84,28,33,15,16,2175.65796
6698.25,1243,208,98,21,33,13,17,1337.88424
6698.5,1298,145,100,25,28,15,17,1404.28024
6698.75,1695,195,149,29,61,20,33,2070.95802
6699.0,1664,244,155,29,74,15,38,2343.75218
6699.25,1751,210,150,24,61,20,28,1888.4830800000002
6699.5,1790,0,151,15,73,17,29,1664.731
6699.75,1966,0,165,35,59,15,33,2520.14329
6700.0,1966,250,166,35,68,20,33,2134.10268
6700.25,2264,261,251,47,144,60,93,2867.1552
6700.5,1374,242,22,36,38,27,0,1489.5926200000001
6700.75,1374,649,0,36,32,27,0,1864.87782
6701.0,0,0,0,0,0,0,0,0.0
6701.25,0,0,0,0,0,0,0,0.0
6701.5,708,0,50,13,17,5,7,754.24
6701.75,708,80,50,13,17,5,7,935.572
6702.0,820,113,79,8,38,8,16,1200.50064
6702.25,1007,118,113,7,58,10,24,1468.45384
6702.5,1271,142,141,19,67,18,28,1859.70858
6702.75,916,182,90,29,20,18,14,1371.8270699999998
6703.0,1544,165,149,24,62,20,26,2188.7811
6703.25,1544,109,149,33,62,20,26,2092.5138500000003
6703.5,1219,154,119,28,33,10,24,1884.67359
6703.75,1558,141,151,18,70,17,28,1860.70839
6704.0,1323,156,109,7,52,8,19,1856.4994799999997
6704.25,1525,175,113,21,52,12,19,1681.0173
6704.5,1709,216,138,26,45,17,19,2506.6104
6704.75,1709,201,138,26,45,17,19,1788.54225
6705.0,2207,227,169,32,64,22,26,3231.2136899999996
6705.25,1559,198,126,18,58,22,21,2001.7797799999998
6705.5,1817,232,149,26,59,15,28,2481.00464
6705.75,2330,227,163,26,78,27,31,2999.6432400000003
6706.0,2325,268,157,33,61,20,26,2810.7562
6706.25,4063,434,272,58,113,42,54,4906.17192
6706.5,5628,467,370,90,157,66,80,6988.71348
6706.75,5612,552,375,82,171,71,81,6232.51776
6707.0,5612,551,375,82,171,71,81,7847.6729000000005
6707.25,5612,551,375,82,171,71,81,5560.99585
6707.5,5612,638,375,82,171,71,100,6255.91701
6707.75,4745,340,340,81,158,60,100,5267.63328
6708.0,3362,329,218,32,97,33,38,4363.511460000001
6708.25,3181,422,211,31,88,27,38,4570.07382
6708.5,2479,288,170,19,75,20,35,3346.1498
6708.75,2618,246,155,28,55,22,26,3242.6414999999997
6709.0,2740,0,126,39,42,20,36,2485.82334
6709.25,0,0,0,0,0,0,0,0.0
6709.5,0,0,0,0,0,0,0,0.0
6709.75,694,122,65,24,23,5,14,777.83739
6710.0,758,57,89,15,32,12,19,1034.2031200000001
6710.25,795,16,77,8,30,8,19,893.55186
6710.5,660,0,33,15,7,7,7,608.8608
6710.75,2858,283,189,38,78,28,36,4135.9734
6711.0,3585,360,224,36,93,30,43,4362.8699400000005
6711.25,4783,432,295,67,106,32,62,4965.15819
6711.5,4783,470,295,67,106,32,62,5967.87635
6711.75,5554,513,340,60,142,48,66,5551.71894
6712.0,5554,496,340,68,142,50,66,7910.23912
6712.25,7326,625,406,42,191,51,78,9739.123
6712.5,7326,715,406,42,191,51,78,9416.38055
6712.75,7326,604,406,76,191,51,78,9831.18416
6713.0,6745,569,366,76,132,45,71,8076.196080000001
6713.25,6745,397,366,76,136,60,71,7114.890240000001
6713.5,9643,724,475,72,200,63,90,10451.71988
6713.75,9643,916,475,72,200,63,90,11805.17639
6714.0,11008,899,574,107,245,85,119,12142.40106
6714.25,11008,955,574,107,236,85,119,11150.44648
6714.5,11451,1033,612,118,249,96,130,15195.885119999999
6714.75,11417,1078,603,113,247,91,128,14962.50123
6715.0,11417,1118,603,113,247,91,128,14843.85155
6715.25,14576,1295,702,164,284,96,170,20441.35889
6715.5,14576,1453,702,164,284,96,170,13978.852949999999
6715.75,14576,1395,702,170,291,128,170,18408.54064
6716.0,13665,1094,683,170,291,128,164,17242.1687
6716.25,16530,934,852,161,371,138,194,19115.5552
6716.5,16530,1198,852,161,371,138,194,20875.66172
6716.75,16530,1309,852,164,371,139,197,19120.8769
6717.0,15328,1204,812,164,345,139,195,15077.56861
6717.25,15363,1439,823,167,348,141,195,21101.25484
6717.5,15480,1474,818,181,325,143,187,15823.12672
6717.75,16197,1421,852,160,329,143,183,18342.15635
6718.0,16197,1402,857,160,357,146,185,17322.4444
6718.25,16197,1636,857,160,357,146,185,20907.418419999998
6718.5,18562,1394,927,172,368,144,182,20639.58351
6718.75,18562,1430,927,172,368,144,182,23055.5012
6719.0,18312,798,855,143,338,126,156,18236.28712
6719.25,18312,1590,855,124,338,111,149,24913.27731
6719.5,19287,1653,919,181,326,131,166,25870.49439
6719.75,19287,1755,919,181,326,131,175,22637.81148
6720.0,16831,1568,848,179,297,105,175,18156.7231
6720.25,16831,1770,848,179,297,105,175,18804.3894
6720.5,16831,1775,848,179,297,105,175,19382.4005
6720.75,16831,1754,848,179,297,105,175,22919.36036
6721.0,19823,1734,961,179,370,131,187,20146.41135
6721.25,19823,1657,961,163,370,131,183,26680.36296
6721.5,19914,1760,970,164,377,139,185,27940.916680000002
6721.75,17878,1746,860,149,377,136,185,22214.103400000004
6722.0,21134,1483,922,136,341,108,152,21816.598439999998
6722.25,18711,1571,864,125,313,105,145,24625.4769
6722.5,18711,1589,864,125,313,105,145,20240.63352
6722.75,18711,1591,864,125,313,105,145,17534.99398
6723.0,18711,1406,864,125,313,105,145,25067.782649999997
6723.25,17926,1686,820,131,305,101,138,24774.97446
6723.5,18085,1311,812,145,277,106,130,21725.88786
6723.75,18085,1491,812,145,270,106,125,22666.869420000003
6724.0,18085,1457,812,145,270,106,125,21967.89
6724.25,18085,1477,812,145,270,106,125,23102.871799999997
6724.5,17940,1359,795,150,242,93,114,23575.32797
6724.75,15473,1044,668,128,203,66,109,18728.04642
6725.0,14236,0,624,108,196,71,90,14536.9885
6725.25,9543,897,467,75,162,56,66,11163.02876
6725.5,9847,1006,469,86,146,56,67,12046.10997
6725.75,9847,967,469,86,146,56,67,13490.420460000001
6726.0,7805,795,401,86,117,42,67,10896.396260000001
6726.25,7805,909,401,86,117,42,67,7688.00131
6726.5,10517,907,490,65,173,50,69,13795.549039999998
6726.75,10517,768,490,65,173,50,69,13296.42936
6727.0,12020,985,499,90,158,43,71,13289.03574
6727.25,12307,578,479,74,129,37,43,11172.11655
6727.5,11007,718,467,74,131,30,48,11318.318
6727.75,6319,389,309,46,104,27,38,8280.2784
6728.0,7966,483,342,46,106,30,19,10658.48736
6728.25,6430,583,307,35,90,22,33,8785.575
6728.5,7032,689,321,38,100,23,35,9862.03932
6728.75,10602,895,497,92,158,40,74,13544.862319999998
6729.0,11690,1105,573,110,189,68,80,13509.6885
6729.25,11690,926,573,110,209,75,95,15632.85976
6729.5,11081,1001,547,108,209,75,95,12868.50108
6729.75,12986,1175,676,143,238,98,116,14576.2956
6730.0,12986,1121,676,143,238,98,116,12378.5211
6730.25,12986,1165,676,143,238,98,116,14184.53872
6730.5,12986,1186,676,143,294,105,147,16747.332300000002
6730.75,12122,1148,676,107,294,105,147,15604.43313
6731.0,13639,1143,743,117,338,115,168,18219.76416
6731.25,13639,1222,743,117,338,115,168,13710.938
6731.5,15825,1407,832,188,309,141,173,19623.204999999998
6731.75,18260,1191,955,181,384,151,192,19897.6847
6732.0,18260,1490,955,181,384,151,194,18555.39675
6732.25,17284,1479,860,175,370,141,194,17457.48438
6732.5,18374,1499,917,197,373,153,202,21033.149
6732.75,18374,1494,917,197,373,153,202,21018.5365
6733.0,18374,1619,917,197,373,153,202,22585.905649999997
6733.25,18374,1796,917,197,373,153,202,18511.87188
6733.5,18374,1661,917,197,373,153,202,22088.76936
6733.75,21503,1853,1052,227,432,174,230,29142.64465
6734.0,21503,1860,1052,227,432,174,230,23237.2099
6734.25,23513,1850,1170,268,423,168,253,29782.511400000003
6734.5,23513,1925,1170,268,423,168,253,29867.468399999998
6734.75,23513,1946,1170,268,423,168,253,27962.373180000002
6735.0,23513,1693,1170,268,444,181,253,24006.0645
6735.25,26629,2116,1270,234,505,189,251,34374.54024
6735.5,26629,2048,1270,234,505,189,251,34835.59668
6735.75,27432,2292,1281,218,519,183,256,27548.866860000002
6736.0,27432,2241,1281,239,519,188,256,26875.02012
6736.25,23735,2194,1179,239,448,188,242,23497.59475
6736.5,25486,2026,1228,234,477,184,249,24758.894
6736.75,30478,2284,1195,220,394,136,176,39237.79372
6737.0,30478,2328,1195,220,394,136,176,37158.13676
6737.25,30478,2288,1195,220,394,136,176,29813.73246
6737.5,30478,1998,1195,220,394,136,176,31826.12627
6737.75,30478,2119,1195,220,394,136,176,28001.45572
6738.0,30478,2156,1195,220,394,136,178,28850.74299
6738.25,24828,2145,1024,204,316,108,178,26516.329830000002
6738.5,27832,2461,1133,224,348,116,189,35134.680980000005
6738.75,27832,2204,1133,224,386,133,189,37335.068049999994
6739.0,26914,2491,1224,164,476,141,209,27898.392269999997
6739.25,26914,2326,1224,164,476,141,209,34393.06176
6739.5,26914,2419,1224,164,476,141,209,29351.01333
6739.75,28605,2505,1308,179,509,153,227,37002.03
6740.0,28605,2268,1308,179,509,153,227,34414.70994
6740.25,29308,2454,1360,281,442,158,240,28774.05047
6740.5,29308,2507,1360,281,510,164,240,36244.8835
6740.75,27353,2264,1271,193,510,164,237,38081.99712
6741.0,28421,2465,1292,279,467,204,261,28551.26779
6741.25,28421,2467,1292,279,467,204,261,28681.19945
6741.5,28401,2488,1292,279,467,204,261,28958.544159999998
6741.75,30862,2477,1372,279,531,201,265,40166.17031
6742.0,30862,2537,1372,222,531,186,253,42792.3737
6742.25,30862,2659,1372,257,531,193,253,42715.48099
6742.5,29198,2630,1264,257,481,193,244,28629.735829999998
6742.75,29198,2197,1250,257,481,188,244,32531.72075
6743.0,26471,2374,1214,238,439,173,223,26339.2286
6743.25,26471,2263,1214,240,435,171,234,35590.6674
6743.5,24308,1927,1128,193,413,141,206,30840.3714
6743.75,24308,1924,1128,195,418,143,208,31072.844200000003
6744.0,21663,2030,992,193,365,146,192,20750.28396
6744.25,23250,1992,1126,220,357,131,182,22960.50372
6744.5,23250,1709,1126,215,357,131,182,30888.2016
6744.75,16319,1611,815,145,306,113,140,18177.0354
6745.0,20112,1875,960,177,303,98,152,22200.50228
6745.25,16280,1758,839,138,296,106,142,19340.52597
6745.5,20378,2020,986,158,322,115,164,21728.94143
6745.75,20378,1760,986,158,322,115,164,20558.72523
6746.0,18282,1003,895,153,305,116,156,17378.301
6746.25,17417,1168,837,161,238,93,138,21323.898360000003
6746.5,12170,1039,620,118,196,91,95,14838.82582
6746.75,12192,1317,630,122,193,88,107,12772.756080000001
6747.0,11165,720,572,106,164,61,73,12054.6153
6747.25,1799,187,142,24,68,7,24,2412.98196
6747.5,1757,204,145,26,39,7,28,1802.7432000000001
6747.75,1417,177,154,24,46,17,16,2099.44122
6748.0,2659,0,199,1,59,0,9,2740.98915
6748.25,0,0,0,0,0,0,0,0.0
6748.5,0,0,0,0,0,0,0,0.0
6748.75,2846,299,231,13,109,13,35,3212.4987
6749.0,2852,275,257,68,116,35,55,3870.5298000000003
6749.25,2367,261,243,60,102,40,45,3109.9867400000003
6749.5,2386,261,232,54,86,27,50,2699.58816
6749.75,1748,221,179,35,83,37,40,1970.3692800000001
6750.0,2081,256,192,43,80,35,43,2285.7471
6750.25,2636,296,220,31,117,38,47,2716.76715
6750.5,2995,209,218,39,100,32,45,4290.51168
6750.75,3336,232,248,46,99,43,35,3510.90075
6751.0,2984,360,202,32,70,20,24,4177.498
6751.25,3971,323,241,50,87,17,52,3929.38821
6751.5,5757,390,326,42,141,45,45,6800.44022
6751.75,3850,206,174,11,33,0,0,3840.91558
6752.0,12385,1289,584,63,119,0,0,16927.001200000002
6752.25,9654,169,563,117,197,43,31,9941.06206
6752.5,0,0,0,0,0,0,0,0.0
6752.75,0,0,0,0,0,0,0,0.0
6753.0,9568,696,593,143,312,149,225,9945.48716
6753.25,12070,978,711,122,383,153,240,14020.59306
6753.5,11704,1059,599,143,280,78,142,16313.024000000001
6753.75,11565,980,599,143,231,78,142,13461.31668
6754.0,13332,1096,695,165,254,86,151,13748.87386
6754.25,14921,1101,757,165,309,111,152,14699.60236
6754.5,14855,1368,766,160,322,100,152,16156.64126
6754.75,16146,1070,702,117,258,96,106,15375.2634
6755.0,16328,931,728,88,291,71,104,20962.4546
6755.25,10955,888,481,85,158,51,64,13225.423700000001
6755.5,9859,846,434,71,164,45,62,10742.082840000001
6755.75,0,0,0,0,0,0,0,0.0
6756.0,0,0,0,0,0,0,0,0.0
6756.25,3670,354,197,35,75,33,40,5224.905599999999
6756.5,4390,390,230,33,104,35,52,5877.677320000001
6756.75,4634,122,244,44,91,37,47,4371.06907
6757.0,2351,226,145,29,58,22,24,2516.2828
6757.25,2828,260,174,31,77,28,43,3043.2203999999997
6757.5,4848,407,250,42,110,37,57,6399.8278199999995
6757.75,5118,361,253,42,106,43,55,5166.30716
6758.0,3988,321,192,38,58,20,35,4156.70156
6758.25,3902,351,185,32,70,25,31,4369.96872
6758.5,3923,346,177,26,70,20,29,4463.64566
6758.75,3877,348,185,29,78,25,36,5393.9369400000005
6759.0,4041,377,196,33,77,28,36,4930.5866399999995
6759.25,4051,385,201,36,81,33,45,5071.667200000001
6759.5,4666,381,241,47,88,38,57,6289.747480000001
6759.75,4606,402,234,42,87,35,47,5077.56095
6760.0,5398,446,260,46,100,37,52,7360.97358
6760.25,5232,492,251,47,103,40,57,6298.841700000001
6760.5,4885,447,251,47,103,40,57,5684.308300000001
6760.75,6697,576,338,57,139,51,71,6787.38258
6761.0,6969,603,337,57,158,61,81,8582.422480000001
6761.25,7854,629,409,75,162,75,90,9952.38696
6761.5,7854,643,410,78,164,78,92,8614.57679
6761.75,8371,679,453,93,168,80,99,11222.166949999999
6762.0,8625,733,457,92,189,80,111,10202.54373
6762.25,9958,849,480,82,216,78,119,13321.43612
6762.5,10953,849,552,97,248,93,138,13486.6365
6762.75,10924,832,542,97,233,88,128,12547.3036
6763.0,10849,921,570,104,247,98,142,12571.38889
6763.25,11544,839,613,113,255,106,145,14979.63145
6763.5,11544,923,613,114,255,106,145,15181.517999999998
6763.75,12732,1021,667,90,276,101,154,13123.57332
6764.0,12732,971,667,90,276,101,154,16243.797869999999
6764.25,12472,1054,646,120,264,111,151,15484.81
6764.5,13246,991,653,113,268,103,137,18061.008400000002
6764.75,13246,1046,653,113,268,103,137,17905.10282
6765.0,13246,939,653,113,268,103,137,18322.31598
6765.25,15069,1319,705,118,300,113,159,19185.01172
6765.5,21794,1560,917,142,335,118,166,29427.368879999998
6765.75,21794,506,917,142,335,118,166,24899.23476
6766.0,9840,760,405,47,144,43,67,9983.87636
6766.25,10566,809,427,72,131,46,73,12022.1584
6766.5,10385,650,417,71,125,53,62,14005.380690000002
6766.75,8555,507,384,72,122,55,59,10327.92536
6767.0,8852,625,431,81,133,61,67,10152.625
6767.25,8852,630,431,88,135,66,71,8664.55639
6767.5,7549,456,377,51,142,50,67,10259.6022
6767.75,7541,716,381,78,115,53,67,9127.96127
6768.0,9337,693,409,74,148,63,78,12061.62122
6768.25,9099,548,390,65,146,58,73,9045.2985
6768.5,7964,558,363,72,113,46,74,7413.205400000001
6768.75,8697,581,413,86,129,53,88,11447.45133
6769.0,8697,645,413,86,160,53,88,9145.34566
6769.25,8557,650,423,72,165,63,88,10303.81354
6769.5,11283,741,517,88,215,80,112,11818.95904
6769.75,9849,793,467,82,200,76,111,11239.3435
6770.0,9849,923,466,82,200,76,111,12977.09243
6770.25,12174,721,622,138,194,61,62,13868.04832
6770.5,12174,965,622,138,225,81,114,11536.38873
6770.75,11805,942,674,99,287,106,156,15726.328199999998
6771.0,12355,997,688,97,300,105,161,13597.040340000001
6771.25,12355,1053,688,97,300,105,161,15849.247330000002
6771.5,12371,1081,663,132,267,111,154,14092.367660000002
6771.75,12371,1183,663,129,229,106,142,15336.46872
6772.0,12388,1170,665,129,274,113,152,12756.22624
6772.25,13865,1254,690,118,290,113,156,14672.70486
6772.5,13865,1155,690,118,290,113,156,17724.34307
6772.75,14354,1193,709,138,242,110,144,19590.204299999998
6773.0,14901,1065,747,138,289,120,159,16585.50085
6773.25,14503,1082,768,145,344,146,225,17192.68866
6773.5,14207,1099,707,131,281,108,149,17824.21654
6773.75,13360,1102,721,142,258,121,149,12869.14834
6774.0,14127,1123,744,131,284,116,152,17387.4402
6774.25,14091,1174,740,133,283,118,149,19108.76128
6774.5,13735,1247,723,132,267,115,149,16210.70352
6774.75,15954,1248,808,140,300,121,159,16539.5265
6775.0,15954,1152,808,140,300,121,159,19951.4238
6775.25,15954,1083,808,140,300,121,159,16977.50685
6775.5,12576,998,657,122,247,105,137,17436.53002
6775.75,11308,910,522,93,235,86,126,14219.692799999999
6776.0,10411,562,500,58,200,65,99,10850.02425
6776.25,6241,317,304,54,116,48,64,6005.31784
6776.5,3885,374,215,36,77,33,43,4973.32265
6776.75,3237,305,187,31,73,28,38,3196.4002
6777.0,3150,267,171,24,78,28,40,4057.73808
6777.25,3133,236,194,36,68,32,43,3480.47162
6777.5,3133,228,194,36,68,32,43,4331.9254200000005
6777.75,3344,271,206,18,94,28,48,4808.9959499999995
6778.0,3324,301,216,46,81,28,47,4199.01937
6778.25,3489,277,224,43,75,37,47,3442.55424
6778.5,4466,334,265,61,80,40,62,5065.10592
6778.75,5298,326,290,56,107,46,62,4974.28625
6779.0,5324,307,290,50,110,48,61,6406.402400000001
6779.25,5563,401,291,56,110,35,57,6047.9718
6779.5,5563,424,291,56,93,35,57,6689.73261
6779.75,5183,347,249,44,75,25,47,7129.0158
6780.0,4941,349,248,40,99,38,47,6358.88558
6780.25,4997,412,259,51,91,42,55,6141.094410000001
6780.5,5066,387,248,53,83,38,45,6447.0576
6780.75,4764,471,249,33,96,33,48,4668.396720000001
6781.0,4980,424,258,28,99,32,50,5539.93431
6781.25,4574,421,253,49,88,45,54,5975.9148
6781.5,4574,380,253,49,88,45,54,5088.1164
6781.75,4586,397,227,38,104,38,48,6499.82388
6782.0,4901,347,240,33,109,37,52,6226.904390000001
6782.25,6875,558,376,63,142,56,73,8832.14209
6782.5,7871,738,420,74,170,70,95,10033.91532
6782.75,8073,700,432,76,175,70,95,8517.95235
6783.0,8453,692,433,74,194,75,104,10831.2105
6783.25,8692,800,434,83,181,75,104,12177.24991
6783.5,10345,768,541,78,220,76,119,13230.755340000002
6783.75,8735,678,451,90,162,76,95,9010.58904
6784.0,8735,662,451,90,162,76,95,10872.98331
6784.25,8957,734,413,79,177,71,106,9870.95623
6784.5,8824,723,391,75,151,63,81,10159.5648
6784.75,7300,617,337,64,148,58,83,8370.22143
6785.0,5695,511,309,64,97,53,61,5800.7649
6785.25,7162,453,368,78,132,66,78,8628.29478
6785.5,8541,607,438,75,175,63,87,8976.21568
6785.75,7616,696,391,75,139,56,73,8921.70796
6786.0,7938,682,436,82,157,65,100,11040.576799999999
6786.25,10782,847,511,83,219,76,119,10256.69468
6786.5,10862,902,563,100,218,90,128,15270.05319
6786.75,11191,866,599,128,210,91,126,12450.70695
6787.0,12130,834,598,65,257,78,128,13379.4413
6787.25,12130,925,598,78,268,78,128,16041.564449999998
6787.5,10893,880,509,82,206,83,116,10377.3663
6787.75,10698,813,547,100,202,90,116,12458.81202
6788.0,11540,770,596,125,206,76,116,12621.245649999999
6788.25,10333,872,512,104,213,76,114,14304.03584
6788.5,11653,739,582,117,194,90,123,16083.81186
6788.75,11730,774,598,125,194,96,128,11699.08655
6789.0,10754,812,549,67,225,73,119,10502.65239
6789.25,11447,439,575,71,226,75,118,11808.85131
6789.5,6201,449,296,50,131,48,74,7414.13222
6789.75,6748,336,337,70,136,55,76,8613.08676
6790.0,5314,470,271,29,145,42,76,5539.15384
6790.25,5681,395,271,18,122,32,57,5642.99712
6790.5,6114,523,333,50,132,50,74,7331.806920000001
6790.75,6261,497,352,43,141,48,73,8799.8254
6791.0,5593,399,309,38,132,45,69,7413.590550000001
6791.25,6260,435,301,47,142,50,80,6042.99465
6791.5,6801,569,358,61,152,51,81,7542.20025
6791.75,6315,592,343,49,146,55,88,6499.8808
6792.0,7240,625,376,72,155,63,92,10342.59866
6792.25,8239,471,417,74,149,68,83,9368.84109
6792.5,8239,499,417,74,149,68,83,9293.72899
6792.75,8239,565,417,74,149,68,83,9649.883399999999
6793.0,6036,605,321,51,135,60,71,6499.63747
6793.25,6127,491,291,49,117,48,66,5852.92435
6793.5,7465,357,394,53,145,51,73,9586.4664
6793.75,6110,443,328,63,117,55,71,7625.33513
6794.0,5736,447,291,58,96,46,55,7584.86151
6794.25,5269,467,276,47,96,40,50,5916.3881
6794.5,5328,360,297,54,109,43,59,7168.25
6794.75,5135,438,291,57,110,45,73,7306.610740000001
6795.0,6063,436,338,64,126,56,74,6684.35172
6795.25,6096,486,325,56,131,53,73,7512.554399999999
6795.5,7426,558,403,82,177,60,95,9420.15035
6795.75,6463,536,342,70,142,51,71,6411.92525
6796.0,6755,550,320,53,129,40,66,8353.516710000002
6796.25,6755,410,320,53,112,40,62,7744.94568
6796.5,4726,463,260,38,109,50,55,5609.84101
6796.75,6639,404,400,57,197,71,121,9220.42653
6797.0,4980,441,316,35,126,37,64,7137.370239999999
6797.25,5108,392,283,58,113,38,55,5502.77
6797.5,6209,426,309,60,107,42,61,5852.5017800000005
6797.75,4796,348,257,53,115,38,59,5694.10336
6798.0,4393,390,284,61,99,42,57,5405.676960000001
6798.25,4232,360,277,60,103,37,54,5326.434329999999
6798.5,4871,358,302,65,99,42,67,4678.024
6798.75,5439,396,307,51,141,38,64,5598.54768
6799.0,5673,414,314,58,113,42,59,5483.73794
6799.25,4766,383,262,53,103,32,50,4836.1089
6799.5,3938,344,210,42,64,27,40,5193.217949999999
6799.75,3749,321,183,39,68,22,29,3731.97066
6800.0,4615,335,227,47,65,28,43,5076.724
6800.25,4759,358,243,54,74,33,47,4679.73696
6800.5,5311,374,296,65,81,42,52,6167.99708
6800.75,5322,354,206,26,104,28,40,7265.235199999999
6801.0,5525,359,236,42,107,32,50,6452.74302
6801.25,6689,427,359,83,131,50,74,7390.62922
6801.5,7033,525,361,78,132,56,80,7658.76225
6801.75,7577,619,389,83,119,65,81,8297.14906
6802.0,7768,574,400,83,145,68,90,8018.76544
6802.25,8098,615,410,82,146,70,93,9589.636299999998
6802.5,7399,478,366,36,157,43,81,7645.6208
6802.75,6701,449,337,67,120,50,74,6721.79802
6803.0,6836,475,349,54,149,51,81,8519.87175
6803.25,6791,512,338,72,107,53,74,6446.765340000001
6803.5,6848,382,292,47,132,43,71,8254.12485
6803.75,5714,360,272,24,115,40,59,6986.54576
6804.0,5927,466,295,63,97,37,74,7001.24113
6804.25,5941,396,309,70,97,37,80,7774.074
6804.5,8004,34,414,42,160,35,69,8183.9131
6804.75,3660,242,215,44,100,37,54,4293.72672
6805.0,4900,372,241,46,87,40,64,6364.1
6805.25,5249,385,274,49,123,55,66,6600.9024899999995
6805.5,5219,433,288,57,97,37,71,6692.5782
6805.75,4898,404,245,43,97,35,52,5281.65102
6806.0,4927,405,258,54,110,40,61,5553.9358999999995
6806.25,5232,339,264,61,96,40,62,5454.4347
6806.5,5137,352,237,60,96,37,50,4800.92639
6806.75,4106,298,213,31,86,32,47,5050.61781
6807.0,1983,209,117,33,38,23,19,2774.66742
6807.25,2539,189,151,35,71,18,31,3010.00106
6807.5,4543,267,251,47,77,32,36,4614.65544
6807.75,4550,205,251,47,74,32,36,4456.4788
6808.0,3330,243,203,53,62,38,42,4232.80803
6808.25,4123,295,198,43,103,32,48,5577.4998
6808.5,4351,348,210,43,99,37,50,5069.6646
6808.75,5795,348,290,44,126,43,57,7249.696680000001
6809.0,5441,146,292,46,139,50,64,6174.78744
6809.25,5573,455,267,40,123,43,61,5721.21094
6809.5,5573,291,267,44,123,45,61,7296.84568
6809.75,5942,382,298,57,120,55,66,7698.9844
6810.0,5188,368,257,43,122,45,62,5395.5695000000005
6810.25,2985,244,137,15,64,28,33,3323.75812
6810.5,3450,244,174,25,77,35,33,4343.71698
6810.75,2965,215,155,25,74,27,40,3533.3142300000004
6811.0,1913,193,113,11,67,23,33,2683.66709
6811.25,1913,193,113,11,67,23,33,2510.06275
6811.5,3821,417,225,44,94,43,57,4312.18029
6811.75,4469,431,284,61,122,56,83,6163.141100000001
6812.0,4936,474,273,50,138,61,66,6390.029280000001
6812.25,4580,474,273,50,116,61,64,4588.10824
6812.5,5549,463,323,63,138,60,78,5492.50178
6812.75,5457,477,297,50,138,51,69,7234.814989999999
6813.0,5497,438,300,53,104,60,66,6075.29744
6813.25,5497,384,292,67,90,53,52,7043.0431499999995
6813.5,4951,401,258,46,123,51,61,4850.1781200000005
6813.75,4775,332,248,51,87,42,59,5081.0302
6814.0,5431,338,273,47,123,45,61,5187.83616
